0 0.7908653846153846 0.24759615384615385 0.038461538461538464 0.028846153846153848
0 0.14783653846153846 0.25600961538461536 0.03125 0.036057692307692304
0 0.7163461538461539 0.2704326923076923 0.03365384615384615 0.03125
0 0.18028846153846154 0.28365384615384615 0.03365384615384615 0.038461538461538464
0 0.5901442307692307 0.28846153846153844 0.03125 0.02403846153846154
0 0.6478365384615384 0.30649038461538464 0.03125 0.026442307692307692
0 0.11057692307692307 0.35216346153846156 0.04807692307692308 0.040865384615384616
0 0.43990384615384615 0.3557692307692308 0.04326923076923077 0.038461538461538464
0 0.7055288461538461 0.42788461538461536 0.05048076923076923 0.04326923076923077
0 0.5432692307692307 0.4831730769230769 0.03365384615384615 0.04326923076923077
0 0.5877403846153846 0.5060096153846154 0.036057692307692304 0.026442307692307692
0 0.40625 0.5120192307692307 0.04326923076923077 0.03365384615384615
0 0.7127403846153846 0.6394230769230769 0.05048076923076923 0.038461538461538464
0 0.08052884615384616 0.23677884615384615 0.05048076923076923 0.05048076923076923