0 0.41346153846153844 0.2536057692307692 0.13942307692307693 0.1466346153846154
0 0.5120192307692307 0.3485576923076923 0.052884615384615384 0.038461538461538464
0 0.6021634615384616 0.35096153846153844 0.036057692307692304 0.028846153846153848
0 0.7127403846153846 0.35216346153846156 0.03125 0.036057692307692304
0 0.027644230769230768 0.359375 0.055288461538461536 0.07932692307692307
0 0.734375 0.36658653846153844 0.03125 0.036057692307692304
0 0.8461538461538461 0.36778846153846156 0.03365384615384615 0.028846153846153848
0 0.6887019230769231 0.3858173076923077 0.03125 0.036057692307692304
0 0.5925480769230769 0.3918269230769231 0.04567307692307692 0.04326923076923077
0 0.7247596153846154 0.41346153846153844 0.04567307692307692 0.038461538461538464
0 0.16826923076923078 0.4230769230769231 0.09615384615384616 0.08173076923076923
0 0.5012019230769231 0.4387019230769231 0.08413461538461539 0.0985576923076923
0 0.5721153846153846 0.4495192307692308 0.052884615384615384 0.07211538461538461