0 0.7572115384615384 0.27590361445783135 0.08653846153846154 0.06506024096385542
0 0.16706730769230768 0.27710843373493976 0.07932692307692307 0.05301204819277108
0 0.609375 0.2927710843373494 0.06009615384615385 0.05060240963855422
0 0.3473557692307692 0.2963855421686747 0.07451923076923077 0.05783132530120482
0 0.5252403846153846 0.30120481927710846 0.08413461538461539 0.06746987951807229
0 0.8353365384615384 0.30481927710843376 0.10817307692307693 0.08433734939759036
0 0.25 0.3060240963855422 0.0625 0.05783132530120482
0 0.44471153846153844 0.3108433734939759 0.07211538461538461 0.05301204819277108
0 0.025240384615384616 0.3253012048192771 0.05048076923076923 0.03855421686746988
0 0.11298076923076923 0.3325301204819277 0.057692307692307696 0.033734939759036145
0 0.2848557692307692 0.3337349397590361 0.036057692307692304 0.02650602409638554
0 0.9783653846153846 0.3759036144578313 0.04326923076923077 0.033734939759036145
0 0.8786057692307693 0.38433734939759034 0.03125 0.02650602409638554