0 0.3173076923076923 0.40384615384615385 0.03365384615384615 0.02403846153846154
0 0.27524038461538464 0.4182692307692308 0.016826923076923076 0.02403846153846154
0 0.48677884615384615 0.4206730769230769 0.026442307692307692 0.028846153846153848
0 0.04807692307692308 0.421875 0.038461538461538464 0.026442307692307692
0 0.8978365384615384 0.421875 0.06490384615384616 0.06009615384615385
0 0.9447115384615384 0.4254807692307692 0.04326923076923077 0.038461538461538464
0 0.7295673076923077 0.48197115384615385 0.026442307692307692 0.021634615384615384
0 0.6021634615384616 0.49038461538461536 0.026442307692307692 0.028846153846153848
0 0.8100961538461539 0.546875 0.052884615384615384 0.036057692307692304
0 0.6298076923076923 0.5516826923076923 0.052884615384615384 0.03125
0 0.40625 0.5600961538461539 0.057692307692307696 0.057692307692307696
0 0.703125 0.5757211538461539 0.06009615384615385 0.05048076923076923
0 0.27403846153846156 0.6021634615384616 0.0625 0.04567307692307692