0 0.6418269230769231 0.3605769230769231 0.08173076923076923 0.0625
0 0.8930288461538461 0.3605769230769231 0.06490384615384616 0.04807692307692308
0 0.28966346153846156 0.3786057692307692 0.06971153846153846 0.06490384615384616
0 0.20552884615384615 0.38461538461538464 0.06009615384615385 0.057692307692307696
0 0.4411057692307692 0.390625 0.05048076923076923 0.040865384615384616
0 0.08774038461538461 0.3918269230769231 0.04567307692307692 0.03365384615384615
0 0.14182692307692307 0.4050480769230769 0.052884615384615384 0.04567307692307692
0 0.515625 0.40865384615384615 0.04567307692307692 0.03365384615384615
0 0.8365384615384616 0.41466346153846156 0.04326923076923077 0.04567307692307692
0 0.35096153846153844 0.43990384615384615 0.10096153846153846 0.08173076923076923
0 0.5132211538461539 0.44711538461538464 0.06009615384615385 0.038461538461538464