0 0.48677884615384615 0.43373493975903615 0.07451923076923077 0.04819277108433735
0 0.7019230769230769 0.44216867469879517 0.0673076923076923 0.04096385542168675
0 0.6069711538461539 0.4457831325301205 0.06971153846153846 0.04819277108433735
0 0.18509615384615385 0.4457831325301205 0.08173076923076923 0.06746987951807229
0 0.41947115384615385 0.4493975903614458 0.07451923076923077 0.05060240963855422
0 0.6790865384615384 0.4542168674698795 0.03125 0.02650602409638554
0 0.9819711538461539 0.45542168674698796 0.03125 0.033734939759036145
0 0.5588942307692307 0.4566265060240964 0.04567307692307692 0.04096385542168675
0 0.7920673076923077 0.4578313253012048 0.026442307692307692 0.00963855421686747
0 0.13341346153846154 0.4602409638554217 0.06971153846153846 0.06746987951807229
0 0.31009615384615385 0.463855421686747 0.0673076923076923 0.04096385542168675
0 0.8858173076923077 0.4674698795180723 0.036057692307692304 0.02891566265060241
0 0.23798076923076922 0.4674698795180723 0.0625 0.05783132530120482
0 0.8581730769230769 0.4734939759036145 0.0625 0.05060240963855422