0 0.26322115384615385 0.3096385542168675 0.07451923076923077 0.06506024096385542
0 0.8653846153846154 0.3180722891566265 0.07692307692307693 0.05301204819277108
0 0.4026442307692308 0.3228915662650602 0.06009615384615385 0.04819277108433735
0 0.44350961538461536 0.3289156626506024 0.040865384615384616 0.03614457831325301
0 0.5516826923076923 0.3325301204819277 0.04567307692307692 0.02891566265060241
0 0.6153846153846154 0.3349397590361446 0.04326923076923077 0.033734939759036145
0 0.7788461538461539 0.3397590361445783 0.038461538461538464 0.033734939759036145
0 0.5072115384615384 0.3433734939759036 0.04326923076923077 0.03614457831325301
0 0.7199519230769231 0.344578313253012 0.06009615384615385 0.043373493975903614
0 0.9507211538461539 0.3481927710843373 0.036057692307692304 0.02650602409638554
0 0.9903846153846154 0.3506024096385542 0.019230769230769232 0.060240963855421686