0 0.6622596153846154 0.39036144578313253 0.026442307692307692 0.00963855421686747
0 0.4423076923076923 0.3927710843373494 0.028846153846153848 0.01927710843373494
0 0.8293269230769231 0.3927710843373494 0.028846153846153848 0.033734939759036145
0 0.8858173076923077 0.39518072289156625 0.026442307692307692 0.024096385542168676
0 0.5925480769230769 0.3963855421686747 0.026442307692307692 0.016867469879518072
0 0.39783653846153844 0.4072289156626506 0.026442307692307692 0.024096385542168676
0 0.5564903846153846 0.40963855421686746 0.026442307692307692 0.02891566265060241
0 0.9483173076923077 0.4891566265060241 0.036057692307692304 0.01927710843373494
0 0.42788461538461536 0.4987951807228916 0.052884615384615384 0.043373493975903614
0 0.20673076923076922 0.5 0.04326923076923077 0.02650602409638554
0 0.7668269230769231 0.5590361445783133 0.038461538461538464 0.04819277108433735