0 0.7163461538461539 0.3710843373493976 0.10096153846153846 0.06746987951807229
0 0.9242788461538461 0.372289156626506 0.10336538461538461 0.05542168674698795
0 0.7620192307692307 0.4108433734939759 0.04807692307692308 0.03614457831325301
0 0.8569711538461539 0.41204819277108434 0.05048076923076923 0.03855421686746988
0 0.2704326923076923 0.41204819277108434 0.10336538461538461 0.0819277108433735
0 0.4699519230769231 0.41204819277108434 0.05048076923076923 0.04819277108433735
0 0.9639423076923077 0.41325301204819276 0.04326923076923077 0.03132530120481928
0 0.6033653846153846 0.41807228915662653 0.03365384615384615 0.04096385542168675
0 0.6550480769230769 0.42289156626506025 0.05048076923076923 0.04578313253012048
0 0.5036057692307693 0.42168674698795183 0.05048076923076923 0.043373493975903614
0 0.5649038461538461 0.42530120481927713 0.038461538461538464 0.03132530120481928