0 0.6045673076923077 0.3870192307692308 0.026442307692307692 0.028846153846153848
0 0.5276442307692307 0.3954326923076923 0.03125 0.026442307692307692
0 0.5853365384615384 0.40625 0.03125 0.03365384615384615
0 0.5540865384615384 0.4110576923076923 0.026442307692307692 0.028846153846153848
0 0.3942307692307692 0.4483173076923077 0.028846153846153848 0.026442307692307692
0 0.4579326923076923 0.45913461538461536 0.036057692307692304 0.038461538461538464
0 0.7980769230769231 0.45913461538461536 0.038461538461538464 0.028846153846153848
0 0.09254807692307693 0.47475961538461536 0.026442307692307692 0.026442307692307692
0 0.14543269230769232 0.484375 0.026442307692307692 0.026442307692307692
0 0.7560096153846154 0.4879807692307692 0.036057692307692304 0.028846153846153848
0 0.6550480769230769 0.4879807692307692 0.03125 0.04326923076923077
0 0.8209134615384616 0.49038461538461536 0.021634615384615384 0.028846153846153848