0 0.2536057692307692 0.37259615384615385 0.04567307692307692 0.04326923076923077
0 0.19230769230769232 0.39302884615384615 0.04807692307692308 0.040865384615384616
0 0.9158653846153846 0.39903846153846156 0.0625 0.0625
0 0.13701923076923078 0.40024038461538464 0.04326923076923077 0.040865384615384616
0 0.5132211538461539 0.41225961538461536 0.040865384615384616 0.05048076923076923
0 0.6682692307692307 0.41466346153846156 0.0625 0.05048076923076923
0 0.05048076923076923 0.4170673076923077 0.04807692307692308 0.04567307692307692
0 0.10096153846153846 0.4423076923076923 0.052884615384615384 0.04326923076923077
0 0.2091346153846154 0.44471153846153844 0.04807692307692308 0.038461538461538464
0 0.03245192307692308 0.4495192307692308 0.04567307692307692 0.04326923076923077
0 0.26802884615384615 0.453125 0.055288461538461536 0.05048076923076923
0 0.5528846153846154 0.453125 0.0673076923076923 0.06490384615384616
0 0.7163461538461539 0.46634615384615385 0.0625 0.0625
0 0.3737980769230769 0.4831730769230769 0.06009615384615385 0.057692307692307696