0 0.6682692307692307 0.26144578313253014 0.038461538461538464 0.03614457831325301
0 0.6959134615384616 0.26626506024096386 0.040865384615384616 0.03132530120481928
0 0.33052884615384615 0.2855421686746988 0.055288461538461536 0.04578313253012048
0 0.6045673076923077 0.2927710843373494 0.04567307692307692 0.04578313253012048
0 0.44471153846153844 0.2963855421686747 0.038461538461538464 0.03855421686746988
0 0.23317307692307693 0.29759036144578316 0.03365384615384615 0.03132530120481928
0 0.08052884615384616 0.3 0.040865384615384616 0.03614457831325301
0 0.140625 0.3024096385542169 0.036057692307692304 0.03132530120481928
0 0.49038461538461536 0.3192771084337349 0.028846153846153848 0.03614457831325301
0 0.20673076923076922 0.3240963855421687 0.03365384615384615 0.03132530120481928
0 0.8269230769230769 0.3710843373493976 0.0625 0.06265060240963856