0 0.40865384615384615 0.5313253012048192 0.038461538461538464 0.03614457831325301
0 0.7307692307692307 0.5373493975903615 0.03365384615384615 0.02891566265060241
0 0.6177884615384616 0.5445783132530121 0.038461538461538464 0.02891566265060241
0 0.6778846153846154 0.553012048192771 0.03365384615384615 0.03132530120481928
0 0.38341346153846156 0.5578313253012048 0.021634615384615384 0.02650602409638554
0 0.4987980769230769 0.5614457831325301 0.040865384615384616 0.033734939759036145
0 0.3293269230769231 0.563855421686747 0.03365384615384615 0.033734939759036145
0 0.5673076923076923 0.5662650602409639 0.04326923076923077 0.02891566265060241
0 0.3629807692307692 0.5698795180722892 0.019230769230769232 0.02650602409638554
0 0.44471153846153844 0.5698795180722892 0.019230769230769232 0.02650602409638554
0 0.34975961538461536 0.572289156626506 0.021634615384615384 0.02650602409638554