0 0.12139423076923077 0.39759036144578314 0.06009615384615385 0.043373493975903614
0 0.765625 0.41566265060240964 0.055288461538461536 0.04096385542168675
0 0.4639423076923077 0.41807228915662653 0.052884615384615384 0.02650602409638554
0 0.5973557692307693 0.42168674698795183 0.040865384615384616 0.02891566265060241
0 0.2668269230769231 0.42289156626506025 0.038461538461538464 0.03614457831325301
0 0.32572115384615385 0.42289156626506025 0.055288461538461536 0.05060240963855422
0 0.09615384615384616 0.42409638554216866 0.028846153846153848 0.033734939759036145
0 0.28966346153846156 0.42650602409638555 0.026442307692307692 0.02891566265060241
0 0.6045673076923077 0.43132530120481927 0.03125 0.01927710843373494
0 0.4098557692307692 0.43253012048192774 0.04567307692307692 0.03614457831325301
0 0.9326923076923077 0.43493975903614457 0.04326923076923077 0.03614457831325301
0 0.171875 0.4493975903614458 0.040865384615384616 0.02650602409638554
0 0.2403846153846154 0.4506024096385542 0.019230769230769232 0.01927710843373494