0 0.5060096153846154 0.30408653846153844 0.05048076923076923 0.05048076923076923
0 0.6201923076923077 0.31009615384615385 0.057692307692307696 0.04807692307692308
0 0.27283653846153844 0.32091346153846156 0.06009615384615385 0.05048076923076923
0 0.3870192307692308 0.32091346153846156 0.052884615384615384 0.04567307692307692
0 0.8353365384615384 0.32572115384615385 0.05048076923076923 0.04567307692307692
0 0.7199519230769231 0.328125 0.04567307692307692 0.036057692307692304
0 0.9074519230769231 0.3786057692307692 0.07932692307692307 0.06490384615384616
0 0.765625 0.3942307692307692 0.06490384615384616 0.04807692307692308
0 0.6538461538461539 0.39663461538461536 0.057692307692307696 0.04807692307692308
0 0.2776442307692308 0.4014423076923077 0.06971153846153846 0.052884615384615384
0 0.5180288461538461 0.4050480769230769 0.07451923076923077 0.05048076923076923
0 0.3954326923076923 0.40865384615384615 0.06971153846153846 0.052884615384615384