0 0.5661057692307693 0.3542168674698795 0.04567307692307692 0.043373493975903614
0 0.8870192307692307 0.3746987951807229 0.10096153846153846 0.08433734939759036
0 0.8076923076923077 0.38072289156626504 0.038461538461538464 0.04819277108433735
0 0.21634615384615385 0.38795180722891565 0.04326923076923077 0.043373493975903614
0 0.4699519230769231 0.3891566265060241 0.05048076923076923 0.04578313253012048
0 0.2920673076923077 0.3927710843373494 0.05048076923076923 0.03855421686746988
0 0.0673076923076923 0.39156626506024095 0.04326923076923077 0.04096385542168675
0 0.41346153846153844 0.3927710843373494 0.052884615384615384 0.04819277108433735
0 0.6935096153846154 0.39518072289156625 0.04567307692307692 0.043373493975903614
0 0.6129807692307693 0.39759036144578314 0.038461538461538464 0.03855421686746988
0 0.7548076923076923 0.40602409638554215 0.03365384615384615 0.02650602409638554
0 0.12980769230769232 0.40602409638554215 0.052884615384615384 0.060240963855421686
0 0.6550480769230769 0.4072289156626506 0.036057692307692304 0.033734939759036145