0 0.6346153846153846 0.4170673076923077 0.04807692307692308 0.040865384615384616
0 0.2091346153846154 0.42788461538461536 0.0625 0.04807692307692308
0 0.6790865384615384 0.43028846153846156 0.040865384615384616 0.03365384615384615
0 0.5276442307692307 0.43149038461538464 0.05048076923076923 0.036057692307692304
0 0.5540865384615384 0.4338942307692308 0.040865384615384616 0.036057692307692304
0 0.7019230769230769 0.43509615384615385 0.038461538461538464 0.038461538461538464
0 0.13581730769230768 0.43509615384615385 0.05048076923076923 0.038461538461538464
0 0.8966346153846154 0.4362980769230769 0.052884615384615384 0.04567307692307692
0 0.7355769230769231 0.4375 0.04326923076923077 0.03365384615384615
0 0.33413461538461536 0.4387019230769231 0.052884615384615384 0.05048076923076923
0 0.8413461538461539 0.43990384615384615 0.038461538461538464 0.038461538461538464
0 0.030048076923076924 0.44350961538461536 0.06009615384615385 0.04567307692307692
0 0.4362980769230769 0.44471153846153844 0.05048076923076923 0.04807692307692308
0 0.47836538461538464 0.44711538461538464 0.038461538461538464 0.03365384615384615