0 0.7908653846153846 0.24759615384615385 0.09615384615384616 0.07692307692307693
0 0.9435096153846154 0.25240384615384615 0.11298076923076923 0.07692307692307693
0 0.1622596153846154 0.2668269230769231 0.11298076923076923 0.09134615384615384
0 0.5108173076923077 0.2860576923076923 0.055288461538461536 0.052884615384615384
0 0.055288461538461536 0.30288461538461536 0.10096153846153846 0.08653846153846154
0 0.6959134615384616 0.30408653846153844 0.06971153846153846 0.05048076923076923
0 0.546875 0.30528846153846156 0.055288461538461536 0.04807692307692308
0 0.4230769230769231 0.30649038461538464 0.07692307692307693 0.0889423076923077
0 0.6045673076923077 0.32211538461538464 0.07451923076923077 0.04807692307692308
0 0.8389423076923077 0.43149038461538464 0.15384615384615385 0.10336538461538461
0 0.6742788461538461 0.4495192307692308 0.11778846153846154 0.08653846153846154
0 0.9026442307692307 0.5120192307692307 0.19471153846153846 0.13942307692307693