0 0.5853365384615384 0.3713942307692308 0.06009615384615385 0.06009615384615385
0 0.8016826923076923 0.3798076923076923 0.0889423076923077 0.0625
0 0.25240384615384615 0.38822115384615385 0.038461538461538464 0.03125
0 0.4987980769230769 0.39663461538461536 0.04567307692307692 0.038461538461538464
0 0.43028846153846156 0.39783653846153844 0.04807692307692308 0.026442307692307692
0 0.35216346153846156 0.39783653846153844 0.055288461538461536 0.036057692307692304
0 0.29086538461538464 0.4026442307692308 0.04326923076923077 0.040865384615384616
0 0.21875 0.4026442307692308 0.038461538461538464 0.03125
0 0.6646634615384616 0.40384615384615385 0.07932692307692307 0.0625
0 0.171875 0.40625 0.03125 0.038461538461538464
0 0.12860576923076922 0.41466346153846156 0.03125 0.026442307692307692
0 0.052884615384615384 0.41947115384615385 0.03365384615384615 0.03125
0 0.19831730769230768 0.46153846153846156 0.055288461538461536 0.04326923076923077