0 0.6129807692307693 0.43253012048192774 0.0625 0.03132530120481928
0 0.38221153846153844 0.4433734939759036 0.04326923076923077 0.033734939759036145
0 0.45552884615384615 0.4433734939759036 0.05048076923076923 0.04819277108433735
0 0.7668269230769231 0.44457831325301206 0.038461538461538464 0.03614457831325301
0 0.8617788461538461 0.44457831325301206 0.036057692307692304 0.04578313253012048
0 0.9074519230769231 0.4469879518072289 0.026442307692307692 0.021686746987951807
0 0.6850961538461539 0.44819277108433736 0.04326923076923077 0.02891566265060241
0 0.1622596153846154 0.44819277108433736 0.05048076923076923 0.04819277108433735
0 0.9350961538461539 0.4506024096385542 0.04326923076923077 0.02891566265060241
0 0.8269230769230769 0.4530120481927711 0.0625 0.04819277108433735
0 0.3449519230769231 0.45542168674698796 0.036057692307692304 0.03855421686746988
0 0.6646634615384616 0.45542168674698796 0.026442307692307692 0.01927710843373494
0 0.5 0.4566265060240964 0.04326923076923077 0.03614457831325301
0 0.5492788461538461 0.4614457831325301 0.021634615384615384 0.012048192771084338
0 0.5745192307692307 0.4614457831325301 0.02403846153846154 0.016867469879518072
0 0.3125 0.4674698795180723 0.0625 0.043373493975903614
0 0.21754807692307693 0.4759036144578313 0.036057692307692304 0.02650602409638554