0 0.6346153846153846 0.25721153846153844 0.07692307692307693 0.0673076923076923
0 0.5132211538461539 0.25841346153846156 0.06971153846153846 0.06971153846153846
0 0.40384615384615385 0.2644230769230769 0.09134615384615384 0.08653846153846154
0 0.8990384615384616 0.2644230769230769 0.1201923076923077 0.10096153846153846
0 0.24519230769230768 0.265625 0.057692307692307696 0.04567307692307692
0 0.7680288461538461 0.2932692307692308 0.0889423076923077 0.07211538461538461
0 0.7043269230769231 0.29927884615384615 0.09134615384615384 0.0985576923076923
0 0.5709134615384616 0.30528846153846156 0.0889423076923077 0.08173076923076923
0 0.10576923076923077 0.3076923076923077 0.10576923076923077 0.09134615384615384
0 0.2848557692307692 0.31490384615384615 0.0985576923076923 0.07211538461538461
0 0.4735576923076923 0.3269230769230769 0.125 0.10576923076923077
0 0.3449519230769231 0.3389423076923077 0.0985576923076923 0.08653846153846154
0 0.6322115384615384 0.3449519230769231 0.10576923076923077 0.09375
0 0.9651442307692307 0.3737980769230769 0.06971153846153846 0.13701923076923078
0 0.8293269230769231 0.3870192307692308 0.12980769230769232 0.11538461538461539
0 0.0829326923076923 0.41346153846153844 0.13701923076923078 0.1201923076923077
0 0.20552884615384615 0.41466346153846156 0.14182692307692307 0.11778846153846154
0 0.5649038461538461 0.23677884615384615 0.0673076923076923 0.06971153846153846
0 0.71875 0.23798076923076922 0.07692307692307693 0.07692307692307693
0 0.35096153846153844 0.23918269230769232 0.052884615384615384 0.040865384615384616