0 0.9254807692307693 0.5204819277108433 0.038461538461538464 0.033734939759036145
0 0.8221153846153846 0.5216867469879518 0.028846153846153848 0.02650602409638554
0 0.6502403846153846 0.5277108433734939 0.03125 0.02891566265060241
0 0.8798076923076923 0.5289156626506024 0.02403846153846154 0.03132530120481928
0 0.7319711538461539 0.5301204819277109 0.036057692307692304 0.033734939759036145
0 0.49158653846153844 0.536144578313253 0.026442307692307692 0.021686746987951807
0 0.7740384615384616 0.536144578313253 0.028846153846153848 0.04578313253012048
0 0.9903846153846154 0.5373493975903615 0.019230769230769232 0.024096385542168676
0 0.3870192307692308 0.5385542168674698 0.02403846153846154 0.02650602409638554
0 0.6177884615384616 0.5385542168674698 0.028846153846153848 0.03614457831325301
0 0.19591346153846154 0.5590361445783133 0.06490384615384616 0.05301204819277108