0 0.5637019230769231 0.5336538461538461 0.04567307692307692 0.038461538461538464
0 0.057692307692307696 0.5348557692307693 0.03365384615384615 0.03125
0 0.8004807692307693 0.5372596153846154 0.038461538461538464 0.036057692307692304
0 0.96875 0.5396634615384616 0.038461538461538464 0.03125
0 0.9014423076923077 0.5408653846153846 0.028846153846153848 0.02403846153846154
0 0.6358173076923077 0.5420673076923077 0.03125 0.026442307692307692
0 0.3954326923076923 0.5432692307692307 0.04567307692307692 0.04807692307692308
0 0.6754807692307693 0.5456730769230769 0.028846153846153848 0.02403846153846154
0 0.22235576923076922 0.546875 0.03125 0.03125
0 0.2439903846153846 0.5480769230769231 0.016826923076923076 0.019230769230769232
0 0.4567307692307692 0.5480769230769231 0.02403846153846154 0.019230769230769232
0 0.2776442307692308 0.5492788461538461 0.04567307692307692 0.03125
0 0.3401442307692308 0.5492788461538461 0.026442307692307692 0.026442307692307692
0 0.49038461538461536 0.5504807692307693 0.028846153846153848 0.02403846153846154
0 0.7451923076923077 0.5504807692307693 0.019230769230769232 0.019230769230769232
0 0.5240384615384616 0.5528846153846154 0.038461538461538464 0.03365384615384615
0 0.3125 0.5588942307692307 0.04807692307692308 0.03125
0 0.7175480769230769 0.5588942307692307 0.04567307692307692 0.03125
0 0.12620192307692307 0.5588942307692307 0.04567307692307692 0.026442307692307692
0 0.07572115384615384 0.5612980769230769 0.03125 0.026442307692307692