0 0.9615384615384616 0.44457831325301206 0.07692307692307693 0.05542168674698795
0 0.41346153846153844 0.45542168674698796 0.038461538461538464 0.033734939759036145
0 0.7043269230769231 0.4650602409638554 0.0625 0.033734939759036145
0 0.5276442307692307 0.4734939759036145 0.05048076923076923 0.04096385542168675
0 0.6141826923076923 0.4759036144578313 0.055288461538461536 0.05060240963855422
0 0.4951923076923077 0.4771084337349398 0.04326923076923077 0.043373493975903614
0 0.41466346153846156 0.4807228915662651 0.05048076923076923 0.03614457831325301
0 0.34615384615384615 0.4879518072289157 0.052884615384615384 0.03614457831325301
0 0.2956730769230769 0.4891566265060241 0.028846153846153848 0.02891566265060241
0 0.7536057692307693 0.4891566265060241 0.08413461538461539 0.05301204819277108
0 0.11778846153846154 0.4891566265060241 0.052884615384615384 0.043373493975903614
0 0.6887019230769231 0.4927710843373494 0.07451923076923077 0.05060240963855422