0 0.9375 0.3605769230769231 0.057692307692307696 0.04807692307692308
0 0.8100961538461539 0.3701923076923077 0.03365384615384615 0.028846153846153848
0 0.7295673076923077 0.3701923076923077 0.05048076923076923 0.03365384615384615
0 0.42788461538461536 0.3737980769230769 0.038461538461538464 0.03125
0 0.875 0.3762019230769231 0.038461538461538464 0.040865384615384616
0 0.6814903846153846 0.3762019230769231 0.040865384615384616 0.026442307692307692
0 0.5913461538461539 0.3786057692307692 0.038461538461538464 0.03125
0 0.5264423076923077 0.38100961538461536 0.02403846153846154 0.026442307692307692
0 0.23798076923076922 0.39302884615384615 0.057692307692307696 0.040865384615384616
0 0.11899038461538461 0.3954326923076923 0.021634615384615384 0.016826923076923076
0 0.5661057692307693 0.4050480769230769 0.04567307692307692 0.04567307692307692
0 0.375 0.40625 0.04807692307692308 0.04326923076923077
0 0.15264423076923078 0.40865384615384615 0.04567307692307692 0.03365384615384615
0 0.47836538461538464 0.4375 0.038461538461538464 0.028846153846153848