0 0.06009615384615385 0.40240963855421685 0.0673076923076923 0.06265060240963856
0 0.20192307692307693 0.4072289156626506 0.0673076923076923 0.03855421686746988
0 0.42908653846153844 0.41325301204819276 0.055288461538461536 0.04578313253012048
0 0.515625 0.41325301204819276 0.05048076923076923 0.03614457831325301
0 0.5661057692307693 0.41325301204819276 0.04567307692307692 0.04096385542168675
0 0.3605769230769231 0.42289156626506025 0.03365384615384615 0.03132530120481928
0 0.8497596153846154 0.42771084337349397 0.05048076923076923 0.04096385542168675
0 0.6490384615384616 0.43012048192771085 0.04326923076923077 0.02650602409638554
0 0.15985576923076922 0.43253012048192774 0.040865384615384616 0.03132530120481928
0 0.33052884615384615 0.43855421686746987 0.036057692307692304 0.03855421686746988
0 0.25600961538461536 0.4457831325301205 0.040865384615384616 0.033734939759036145
0 0.7572115384615384 0.4469879518072289 0.052884615384615384 0.03132530120481928
0 0.9375 0.4542168674698795 0.03365384615384615 0.021686746987951807
0 0.9927884615384616 0.472289156626506 0.014423076923076924 0.024096385542168676