0 0.2848557692307692 0.5252403846153846 0.016826923076923076 0.021634615384615384
0 0.15384615384615385 0.5288461538461539 0.057692307692307696 0.03365384615384615
0 0.21033653846153846 0.5324519230769231 0.03125 0.026442307692307692
0 0.23677884615384615 0.5336538461538461 0.05048076923076923 0.028846153846153848
0 0.421875 0.5384615384615384 0.03125 0.038461538461538464
0 0.27403846153846156 0.5432692307692307 0.03365384615384615 0.038461538461538464
0 0.6033653846153846 0.5504807692307693 0.02403846153846154 0.014423076923076924
0 0.5144230769230769 0.5516826923076923 0.019230769230769232 0.016826923076923076
0 0.3557692307692308 0.5528846153846154 0.03365384615384615 0.028846153846153848
0 0.8389423076923077 0.5576923076923077 0.014423076923076924 0.014423076923076924
0 0.1778846153846154 0.5588942307692307 0.0625 0.040865384615384616
0 0.8245192307692307 0.5637019230769231 0.009615384615384616 0.01201923076923077
0 0.8461538461538461 0.5793269230769231 0.014423076923076924 0.019230769230769232