0 0.7223557692307693 0.3942307692307692 0.06971153846153846 0.052884615384615384
0 0.49158653846153844 0.4050480769230769 0.05048076923076923 0.05048076923076923
0 0.9411057692307693 0.40865384615384615 0.055288461538461536 0.04807692307692308
0 0.41225961538461536 0.4098557692307692 0.06971153846153846 0.055288461538461536
0 0.7740384615384616 0.4110576923076923 0.04807692307692308 0.04807692307692308
0 0.36778846153846156 0.41947115384615385 0.057692307692307696 0.06490384615384616
0 0.45072115384615385 0.42427884615384615 0.06490384615384616 0.06971153846153846
0 0.5204326923076923 0.4254807692307692 0.07932692307692307 0.0625
0 0.8557692307692307 0.43990384615384615 0.08173076923076923 0.0673076923076923
0 0.28966346153846156 0.4423076923076923 0.07932692307692307 0.0625
0 0.7127403846153846 0.4495192307692308 0.07932692307692307 0.0673076923076923