0 0.4675480769230769 0.29759036144578316 0.08413461538461539 0.060240963855421686
0 0.7896634615384616 0.3024096385542169 0.11778846153846154 0.07951807228915662
0 0.8858173076923077 0.30481927710843376 0.05048076923076923 0.04096385542168675
0 0.9158653846153846 0.3108433734939759 0.03365384615384615 0.05301204819277108
0 0.8617788461538461 0.3132530120481928 0.06009615384615385 0.05301204819277108
0 0.13822115384615385 0.3240963855421687 0.13221153846153846 0.0891566265060241
0 0.27403846153846156 0.327710843373494 0.1201923076923077 0.08674698795180723
0 0.609375 0.336144578313253 0.03125 0.05060240963855422
0 0.8425480769230769 0.3506024096385542 0.036057692307692304 0.05060240963855422
0 0.7223557692307693 0.35542168674698793 0.06971153846153846 0.060240963855421686
0 0.42908653846153844 0.35903614457831323 0.10817307692307693 0.07710843373493977