0 0.5745192307692307 0.26802884615384615 0.0673076923076923 0.07932692307692307
0 0.5108173076923077 0.2848557692307692 0.06490384615384616 0.06971153846153846
0 0.46875 0.3161057692307692 0.0673076923076923 0.06971153846153846
0 0.5432692307692307 0.3401442307692308 0.0625 0.07451923076923077
0 0.49158653846153844 0.3605769230769231 0.08413461538461539 0.07692307692307693
0 0.44350961538461536 0.4182692307692308 0.0889423076923077 0.0673076923076923
0 0.5288461538461539 0.43028846153846156 0.08653846153846154 0.07211538461538461
0 0.4735576923076923 0.46875 0.09134615384615384 0.09615384615384616
0 0.5853365384615384 0.5024038461538461 0.1466346153846154 0.10576923076923077
0 0.484375 0.056490384615384616 0.06009615384615385 0.055288461538461536
0 0.45072115384615385 0.23317307692307693 0.06971153846153846 0.0625