0 0.7884615384615384 0.2800480769230769 0.0673076923076923 0.06490384615384616
0 0.37740384615384615 0.38461538461538464 0.07211538461538461 0.07692307692307693
0 0.2824519230769231 0.4387019230769231 0.07451923076923077 0.08413461538461539
0 0.39663461538461536 0.4423076923076923 0.07692307692307693 0.0625
0 0.6081730769230769 0.5144230769230769 0.0625 0.057692307692307696
0 0.5252403846153846 0.5300480769230769 0.06490384615384616 0.055288461538461536
0 0.6742788461538461 0.5528846153846154 0.07451923076923077 0.07692307692307693
0 0.08173076923076923 0.6466346153846154 0.10576923076923077 0.11538461538461539
0 0.7704326923076923 0.6838942307692307 0.07932692307692307 0.08413461538461539
0 0.8665865384615384 0.7439903846153846 0.08413461538461539 0.07451923076923077
0 0.25721153846153844 0.7512019230769231 0.10096153846153846 0.12259615384615384
0 0.7271634615384616 0.8016826923076923 0.08413461538461539 0.10817307692307693
0 0.5805288461538461 0.8088942307692307 0.08413461538461539 0.10817307692307693
0 0.8641826923076923 0.14302884615384615 0.040865384615384616 0.06490384615384616
0 0.9170673076923077 0.16346153846153846 0.055288461538461536 0.04807692307692308