0 0.2644230769230769 0.40843373493975904 0.057692307692307696 0.03132530120481928
0 0.3293269230769231 0.40963855421686746 0.0673076923076923 0.03855421686746988
0 0.5192307692307693 0.42048192771084336 0.04807692307692308 0.03132530120481928
0 0.6490384615384616 0.42409638554216866 0.052884615384615384 0.033734939759036145
0 0.15264423076923078 0.42891566265060244 0.07451923076923077 0.04819277108433735
0 0.7103365384615384 0.43132530120481927 0.06009615384615385 0.033734939759036145
0 0.46153846153846156 0.43614457831325304 0.0673076923076923 0.03855421686746988
0 0.5877403846153846 0.43855421686746987 0.06971153846153846 0.043373493975903614
0 0.8713942307692307 0.44457831325301206 0.04567307692307692 0.03132530120481928
0 0.765625 0.4530120481927711 0.040865384615384616 0.03855421686746988
0 0.9411057692307693 0.45903614457831327 0.055288461538461536 0.03132530120481928