0 0.9314903846153846 0.3325301204819277 0.06971153846153846 0.05783132530120482
0 0.6634615384615384 0.3337349397590361 0.04326923076923077 0.03614457831325301
0 0.7115384615384616 0.3349397590361446 0.04807692307692308 0.04819277108433735
0 0.5600961538461539 0.3373493975903614 0.057692307692307696 0.05301204819277108
0 0.41346153846153844 0.3409638554216867 0.057692307692307696 0.05060240963855422
0 0.49399038461538464 0.3409638554216867 0.036057692307692304 0.03614457831325301
0 0.010817307692307692 0.3421686746987952 0.021634615384615384 0.033734939759036145
0 0.09975961538461539 0.3421686746987952 0.055288461538461536 0.04819277108433735
0 0.8497596153846154 0.3481927710843373 0.0889423076923077 0.06506024096385542
0 0.5288461538461539 0.3506024096385542 0.04326923076923077 0.04096385542168675
0 0.7632211538461539 0.3506024096385542 0.05048076923076923 0.03614457831325301
0 0.19831730769230768 0.35180722891566263 0.040865384615384616 0.04819277108433735
0 0.3004807692307692 0.35542168674698793 0.04326923076923077 0.04096385542168675
0 0.18269230769230768 0.42530120481927713 0.052884615384615384 0.05542168674698795