0 0.1346153846153846 0.336144578313253 0.07211538461538461 0.07951807228915662
0 0.8665865384615384 0.38674698795180723 0.04567307692307692 0.03614457831325301
0 0.7463942307692307 0.3963855421686747 0.03125 0.03132530120481928
0 0.578125 0.40120481927710844 0.04567307692307692 0.03132530120481928
0 0.38100961538461536 0.40240963855421685 0.040865384615384616 0.03855421686746988
0 0.6899038461538461 0.4036144578313253 0.028846153846153848 0.03614457831325301
0 0.23918269230769232 0.4036144578313253 0.04567307692307692 0.03132530120481928
0 0.33533653846153844 0.4036144578313253 0.026442307692307692 0.03132530120481928
0 0.8245192307692307 0.40602409638554215 0.038461538461538464 0.03132530120481928
0 0.6298076923076923 0.4072289156626506 0.03365384615384615 0.03855421686746988
0 0.15745192307692307 0.4072289156626506 0.04567307692307692 0.03855421686746988
0 0.036057692307692304 0.4108433734939759 0.04326923076923077 0.03614457831325301