0 0.7752403846153846 0.6036144578313253 0.03125 0.02650602409638554
0 0.9350961538461539 0.6060240963855422 0.014423076923076924 0.012048192771084338
0 0.6947115384615384 0.6096385542168675 0.028846153846153848 0.024096385542168676
0 0.9807692307692307 0.6096385542168675 0.019230769230769232 0.014457831325301205
0 0.8449519230769231 0.6108433734939759 0.021634615384615384 0.021686746987951807
0 0.8653846153846154 0.6108433734939759 0.019230769230769232 0.016867469879518072
0 0.9230769230769231 0.6120481927710844 0.019230769230769232 0.00963855421686747
0 0.75 0.6132530120481928 0.028846153846153848 0.02650602409638554
0 0.5901442307692307 0.6156626506024097 0.021634615384615384 0.016867469879518072
0 0.8990384615384616 0.6156626506024097 0.014423076923076924 0.016867469879518072
0 0.6117788461538461 0.6180722891566265 0.03125 0.016867469879518072