0 0.10697115384615384 0.39036144578313253 0.04567307692307692 0.03855421686746988
0 0.23197115384615385 0.40240963855421685 0.06971153846153846 0.04819277108433735
0 0.33413461538461536 0.40843373493975904 0.052884615384615384 0.03614457831325301
0 0.6201923076923077 0.40963855421686746 0.04807692307692308 0.043373493975903614
0 0.47836538461538464 0.4108433734939759 0.057692307692307696 0.04096385542168675
0 0.7668269230769231 0.41566265060240964 0.038461538461538464 0.04096385542168675
0 0.8209134615384616 0.41566265060240964 0.021634615384615384 0.016867469879518072
0 0.19230769230769232 0.41686746987951806 0.03365384615384615 0.024096385542168676
0 0.8990384615384616 0.42409638554216866 0.052884615384615384 0.04819277108433735
0 0.28125 0.42530120481927713 0.03365384615384615 0.02650602409638554
0 0.6814903846153846 0.42530120481927713 0.04567307692307692 0.04096385542168675
0 0.15384615384615385 0.42771084337349397 0.014423076923076924 0.016867469879518072
0 0.039663461538461536 0.43253012048192774 0.026442307692307692 0.021686746987951807
0 0.08052884615384616 0.43614457831325304 0.026442307692307692 0.014457831325301205
0 0.009615384615384616 0.4397590361445783 0.019230769230769232 0.016867469879518072