0 0.7427884615384616 0.3713942307692308 0.09134615384615384 0.06009615384615385
0 0.5973557692307693 0.3918269230769231 0.06971153846153846 0.07211538461538461
0 0.27163461538461536 0.4050480769230769 0.07692307692307693 0.06009615384615385
0 0.6538461538461539 0.4074519230769231 0.04807692307692308 0.040865384615384616
0 0.8485576923076923 0.41947115384615385 0.0625 0.06490384615384616
0 0.5420673076923077 0.4254807692307692 0.036057692307692304 0.038461538461538464
0 0.8052884615384616 0.4266826923076923 0.04807692307692308 0.05048076923076923
0 0.9110576923076923 0.42788461538461536 0.07692307692307693 0.0673076923076923
0 0.07572115384615384 0.42908653846153844 0.08413461538461539 0.06490384615384616
0 0.4699519230769231 0.4326923076923077 0.036057692307692304 0.03365384615384615
0 0.5084134615384616 0.44711538461538464 0.040865384615384616 0.03365384615384615