0 0.8473557692307693 0.3313253012048193 0.06490384615384616 0.05542168674698795
0 0.59375 0.3542168674698795 0.057692307692307696 0.03855421686746988
0 0.6947115384615384 0.35903614457831323 0.057692307692307696 0.04819277108433735
0 0.5360576923076923 0.36265060240963853 0.038461538461538464 0.03132530120481928
0 0.4891826923076923 0.363855421686747 0.04567307692307692 0.03855421686746988
0 0.4362980769230769 0.372289156626506 0.04567307692307692 0.03132530120481928
0 0.359375 0.3746987951807229 0.040865384615384616 0.02650602409638554
0 0.042067307692307696 0.38433734939759034 0.036057692307692304 0.02650602409638554
0 0.265625 0.39397590361445783 0.03125 0.03132530120481928
0 0.3245192307692308 0.39518072289156625 0.03365384615384615 0.024096385542168676
0 0.3954326923076923 0.40481927710843374 0.05048076923076923 0.033734939759036145
0 0.35096153846153844 0.42048192771084336 0.028846153846153848 0.02650602409638554