0 0.4543269230769231 0.3289156626506024 0.009615384615384616 0.007228915662650603
0 0.4050480769230769 0.3301204819277108 0.01201923076923077 0.00963855421686747
0 0.390625 0.3313253012048193 0.01201923076923077 0.007228915662650603
0 0.4495192307692308 0.3337349397590361 0.009615384615384616 0.007228915662650603
0 0.4543269230769231 0.336144578313253 0.009615384615384616 0.007228915662650603
0 0.4170673076923077 0.3373493975903614 0.01201923076923077 0.00963855421686747
0 0.7055288461538461 0.3506024096385542 0.01201923076923077 0.007228915662650603
0 0.016826923076923076 0.37349397590361444 0.019230769230769232 0.014457831325301205
0 0.02403846153846154 0.37710843373493974 0.014423076923076924 0.012048192771084338
0 0.1875 0.3819277108433735 0.014423076923076924 0.016867469879518072
0 0.13341346153846154 0.39759036144578314 0.021634615384615384 0.01927710843373494
0 0.7596153846153846 0.41566265060240964 0.028846153846153848 0.03132530120481928
0 0.10096153846153846 0.41686746987951806 0.019230769230769232 0.01927710843373494
0 0.25961538461538464 0.41807228915662653 0.019230769230769232 0.016867469879518072
0 0.4891826923076923 0.41927710843373495 0.026442307692307692 0.01927710843373494
0 0.5204326923076923 0.42771084337349397 0.03125 0.021686746987951807
0 0.2620192307692308 0.43373493975903615 0.02403846153846154 0.01927710843373494
0 0.2403846153846154 0.4674698795180723 0.028846153846153848 0.024096385542168676
0 0.35697115384615385 0.4819277108433735 0.036057692307692304 0.02891566265060241
0 0.07091346153846154 0.4843373493975904 0.026442307692307692 0.024096385542168676
0 0.3641826923076923 0.5397590361445783 0.021634615384615384 0.01927710843373494
0 0.1346153846153846 0.5819277108433735 0.04326923076923077 0.02650602409638554
0 0.5673076923076923 0.6144578313253012 0.038461538461538464 0.03855421686746988
0 0.9507211538461539 0.6337349397590362 0.05048076923076923 0.033734939759036145
0 0.17548076923076922 0.6518072289156627 0.04326923076923077 0.04096385542168675