0 0.7896634615384616 0.2746987951807229 0.05048076923076923 0.043373493975903614
0 0.8473557692307693 0.3192771084337349 0.026442307692307692 0.02650602409638554
0 0.5288461538461539 0.3337349397590361 0.014423076923076924 0.012048192771084338
0 0.5528846153846154 0.3373493975903614 0.014423076923076924 0.00963855421686747
0 0.5132211538461539 0.3397590361445783 0.01201923076923077 0.014457831325301205
0 0.5360576923076923 0.3421686746987952 0.014423076923076924 0.00963855421686747
0 0.49278846153846156 0.3457831325301205 0.019230769230769232 0.012048192771084338
0 0.7439903846153846 0.43493975903614457 0.036057692307692304 0.04578313253012048
0 0.11658653846153846 0.4771084337349398 0.04567307692307692 0.043373493975903614
0 0.4735576923076923 0.5144578313253012 0.052884615384615384 0.04096385542168675
0 0.45913461538461536 0.5421686746987951 0.052884615384615384 0.04819277108433735