0 0.8521634615384616 0.27951807228915665 0.1658653846153846 0.11566265060240964
0 0.042067307692307696 0.39156626506024095 0.07932692307692307 0.05542168674698795
0 0.6057692307692307 0.3963855421686747 0.0673076923076923 0.05060240963855422
0 0.2848557692307692 0.39879518072289155 0.06971153846153846 0.03614457831325301
0 0.14903846153846154 0.40602409638554215 0.052884615384615384 0.02650602409638554
0 0.09735576923076923 0.41204819277108434 0.06009615384615385 0.033734939759036145
0 0.484375 0.41566265060240964 0.04567307692307692 0.04096385542168675
0 0.23197115384615385 0.41807228915662653 0.036057692307692304 0.02650602409638554
0 0.3798076923076923 0.41927710843373495 0.04326923076923077 0.02891566265060241
0 0.671875 0.42650602409638555 0.05048076923076923 0.02891566265060241
0 0.01201923076923077 0.42650602409638555 0.02403846153846154 0.02891566265060241
0 0.2512019230769231 0.43614457831325304 0.021634615384615384 0.01927710843373494
0 0.5492788461538461 0.43614457831325304 0.036057692307692304 0.033734939759036145
0 0.203125 0.45180722891566266 0.036057692307692304 0.021686746987951807