0 0.16826923076923078 0.2891566265060241 0.038461538461538464 0.043373493975903614
0 0.6658653846153846 0.29397590361445786 0.038461538461538464 0.043373493975903614
0 0.3329326923076923 0.2987951807228916 0.040865384615384616 0.033734939759036145
0 0.53125 0.3530120481927711 0.028846153846153848 0.04096385542168675
0 0.515625 0.37349397590361444 0.036057692307692304 0.02891566265060241
0 0.6394230769230769 0.3746987951807229 0.038461538461538464 0.04578313253012048
0 0.23918269230769232 0.37710843373493974 0.040865384615384616 0.04578313253012048
0 0.9326923076923077 0.45542168674698796 0.04326923076923077 0.04819277108433735
0 0.15144230769230768 0.4903614457831325 0.0673076923076923 0.04578313253012048
0 0.9735576923076923 0.6120481927710844 0.052884615384615384 0.05301204819277108
0 0.4795673076923077 0.1963855421686747 0.036057692307692304 0.03614457831325301