0 0.2800480769230769 0.40963855421686746 0.05048076923076923 0.03855421686746988
0 0.14182692307692307 0.42409638554216866 0.052884615384615384 0.03855421686746988
0 0.75 0.42771084337349397 0.04326923076923077 0.04578313253012048
0 0.5516826923076923 0.42891566265060244 0.04567307692307692 0.043373493975903614
0 0.859375 0.4433734939759036 0.055288461538461536 0.043373493975903614
0 0.390625 0.44819277108433736 0.026442307692307692 0.01927710843373494
0 0.3137019230769231 0.4530120481927711 0.021634615384615384 0.01927710843373494
0 0.08533653846153846 0.4542168674698795 0.026442307692307692 0.02650602409638554
0 0.18629807692307693 0.45903614457831327 0.021634615384615384 0.02650602409638554
0 0.65625 0.4602409638554217 0.03365384615384615 0.024096385542168676
0 0.46153846153846156 0.4650602409638554 0.028846153846153848 0.024096385542168676
0 0.5216346153846154 0.4650602409638554 0.02403846153846154 0.024096385542168676
0 0.3581730769230769 0.46987951807228917 0.04326923076923077 0.043373493975903614