0 0.8581730769230769 0.39397590361445783 0.08653846153846154 0.06506024096385542
0 0.6286057692307693 0.41686746987951806 0.05048076923076923 0.04819277108433735
0 0.7367788461538461 0.42530120481927713 0.04567307692307692 0.04096385542168675
0 0.6814903846153846 0.43132530120481927 0.036057692307692304 0.03855421686746988
0 0.5396634615384616 0.4457831325301205 0.040865384615384616 0.03855421686746988
0 0.3858173076923077 0.46265060240963857 0.036057692307692304 0.03855421686746988
0 0.44471153846153844 0.4951807228915663 0.04326923076923077 0.03614457831325301
0 0.3473557692307692 0.536144578313253 0.04567307692307692 0.04096385542168675
0 0.234375 0.5506024096385542 0.036057692307692304 0.03132530120481928
0 0.09495192307692307 0.555421686746988 0.055288461538461536 0.03614457831325301
0 0.5180288461538461 0.5578313253012048 0.040865384615384616 0.04096385542168675
0 0.24879807692307693 0.5819277108433735 0.040865384615384616 0.02650602409638554