0 0.11899038461538461 0.3228915662650602 0.03125 0.033734939759036145
0 0.4338942307692308 0.3397590361445783 0.026442307692307692 0.02891566265060241
0 0.48677884615384615 0.3650602409638554 0.03125 0.02650602409638554
0 0.5745192307692307 0.3759036144578313 0.028846153846153848 0.024096385542168676
0 0.4891826923076923 0.3855421686746988 0.03125 0.024096385542168676
0 0.46875 0.40120481927710844 0.028846153846153848 0.02650602409638554
0 0.8317307692307693 0.43734939759036146 0.028846153846153848 0.02650602409638554
0 0.296875 0.46626506024096387 0.026442307692307692 0.021686746987951807
0 0.6490384615384616 0.4819277108433735 0.03365384615384615 0.01927710843373494
0 0.4483173076923077 0.5096385542168674 0.026442307692307692 0.02650602409638554
0 0.6574519230769231 0.6843373493975904 0.03125 0.024096385542168676