0 0.7728365384615384 0.31204819277108437 0.05048076923076923 0.05060240963855422
0 0.6334134615384616 0.3216867469879518 0.05048076923076923 0.05542168674698795
0 0.6069711538461539 0.3253012048192771 0.040865384615384616 0.04819277108433735
0 0.7319711538461539 0.327710843373494 0.06009615384615385 0.05783132530120482
0 0.5637019230769231 0.35180722891566263 0.06490384615384616 0.05783132530120482
0 0.42788461538461536 0.3855421686746988 0.0625 0.06265060240963856
0 0.203125 0.3855421686746988 0.06971153846153846 0.05301204819277108
0 0.5216346153846154 0.38795180722891565 0.057692307692307696 0.05783132530120482
0 0.24278846153846154 0.40963855421686746 0.04326923076923077 0.05301204819277108
0 0.3557692307692308 0.40963855421686746 0.057692307692307696 0.05783132530120482
0 0.15504807692307693 0.41204819277108434 0.07932692307692307 0.06746987951807229