0 0.4675480769230769 0.5855421686746988 0.04567307692307692 0.043373493975903614
0 0.7548076923076923 0.5939759036144578 0.038461538461538464 0.03132530120481928
0 0.6947115384615384 0.5963855421686747 0.04326923076923077 0.02650602409638554
0 0.796875 0.5975903614457831 0.05048076923076923 0.05301204819277108
0 0.3137019230769231 0.6036144578313253 0.026442307692307692 0.03614457831325301
0 0.3557692307692308 0.6036144578313253 0.02403846153846154 0.03132530120481928
0 0.65625 0.6108433734939759 0.03365384615384615 0.03614457831325301
0 0.2512019230769231 0.6277108433734939 0.03125 0.03132530120481928
0 0.3245192307692308 0.6578313253012048 0.03365384615384615 0.033734939759036145
0 0.5360576923076923 0.6855421686746987 0.03365384615384615 0.04578313253012048
0 0.31490384615384615 0.691566265060241 0.03365384615384615 0.033734939759036145