0 0.6598557692307693 0.39036144578313253 0.040865384615384616 0.03855421686746988
0 0.7007211538461539 0.3927710843373494 0.03125 0.04819277108433735
0 0.78125 0.3963855421686747 0.038461538461538464 0.04096385542168675
0 0.734375 0.4036144578313253 0.036057692307692304 0.05060240963855422
0 0.3713942307692308 0.40602409638554215 0.055288461538461536 0.05060240963855422
0 0.5769230769230769 0.41445783132530123 0.04326923076923077 0.03855421686746988
0 0.43149038461538464 0.41686746987951806 0.04567307692307692 0.04819277108433735
0 0.055288461538461536 0.42168674698795183 0.04807692307692308 0.033734939759036145
0 0.0985576923076923 0.42409638554216866 0.03365384615384615 0.03855421686746988
0 0.2776442307692308 0.42771084337349397 0.05048076923076923 0.03132530120481928
0 0.5096153846153846 0.43012048192771085 0.052884615384615384 0.05060240963855422
0 0.19831730769230768 0.43373493975903615 0.04567307692307692 0.03855421686746988