0 0.4230769230769231 0.3349397590361446 0.08173076923076923 0.07710843373493977
0 0.9699519230769231 0.3409638554216867 0.06009615384615385 0.06987951807228916
0 0.10096153846153846 0.3469879518072289 0.12980769230769232 0.10120481927710843
0 0.5348557692307693 0.3614457831325301 0.06009615384615385 0.06265060240963856
0 0.7427884615384616 0.363855421686747 0.07211538461538461 0.05301204819277108
0 0.8125 0.3650602409638554 0.057692307692307696 0.060240963855421686
0 0.8846153846153846 0.3650602409638554 0.10096153846153846 0.09879518072289156
0 0.20432692307692307 0.3650602409638554 0.08173076923076923 0.0746987951807229
0 0.6586538461538461 0.36987951807228914 0.052884615384615384 0.05060240963855422
0 0.5817307692307693 0.37349397590361444 0.04807692307692308 0.04819277108433735
0 0.6274038461538461 0.38674698795180723 0.03365384615384615 0.03132530120481928