0 0.028846153846153848 0.3389423076923077 0.057692307692307696 0.0625
0 0.4387019230769231 0.35096153846153844 0.06009615384615385 0.057692307692307696
0 0.953125 0.35096153846153844 0.04567307692307692 0.04326923076923077
0 0.9807692307692307 0.3641826923076923 0.038461538461538464 0.06009615384615385
0 0.6538461538461539 0.36538461538461536 0.052884615384615384 0.04807692307692308
0 0.8822115384615384 0.36658653846153844 0.04326923076923077 0.04567307692307692
0 0.47716346153846156 0.3762019230769231 0.040865384615384616 0.036057692307692304
0 0.21995192307692307 0.38341346153846156 0.06009615384615385 0.055288461538461536
0 0.35697115384615385 0.38822115384615385 0.06490384615384616 0.06971153846153846
0 0.046875 0.3918269230769231 0.05048076923076923 0.04326923076923077
0 0.16947115384615385 0.39302884615384615 0.05048076923076923 0.040865384615384616
0 0.8774038461538461 0.39663461538461536 0.052884615384615384 0.052884615384615384
0 0.1141826923076923 0.4050480769230769 0.08413461538461539 0.08413461538461539