0 0.8617788461538461 0.4975903614457831 0.05048076923076923 0.03614457831325301
0 0.8064903846153846 0.5313253012048192 0.05048076923076923 0.04096385542168675
0 0.7680288461538461 0.5433734939759036 0.04567307692307692 0.04096385542168675
0 0.6875 0.5493975903614458 0.04326923076923077 0.043373493975903614
0 0.9146634615384616 0.5783132530120482 0.06490384615384616 0.05783132530120482
0 0.12980769230769232 0.5807228915662651 0.07211538461538461 0.06265060240963856
0 0.3918269230769231 0.5819277108433735 0.09615384615384616 0.060240963855421686
0 0.7199519230769231 0.5951807228915663 0.06971153846153846 0.07228915662650602
0 0.8557692307692307 0.6108433734939759 0.08653846153846154 0.07951807228915662
0 0.27884615384615385 0.6156626506024097 0.057692307692307696 0.05542168674698795
0 0.5889423076923077 0.6156626506024097 0.038461538461538464 0.04578313253012048
0 0.7956730769230769 0.6240963855421687 0.057692307692307696 0.043373493975903614