0 0.8762019230769231 0.45903614457831327 0.026442307692307692 0.03614457831325301
0 0.7716346153846154 0.4855421686746988 0.038461538461538464 0.03614457831325301
0 0.6838942307692307 0.5072289156626506 0.036057692307692304 0.03614457831325301
0 0.5252403846153846 0.516867469879518 0.036057692307692304 0.03614457831325301
0 0.5697115384615384 0.519277108433735 0.04326923076923077 0.04096385542168675
0 0.45913461538461536 0.5253012048192771 0.04326923076923077 0.033734939759036145
0 0.19591346153846154 0.5289156626506024 0.03125 0.03132530120481928
0 0.14903846153846154 0.5337349397590362 0.03365384615384615 0.02650602409638554
0 0.0673076923076923 0.5445783132530121 0.038461538461538464 0.02891566265060241
0 0.2283653846153846 0.5445783132530121 0.03365384615384615 0.02891566265060241
0 0.015625 0.5457831325301205 0.03125 0.02650602409638554
0 0.3629807692307692 0.5650602409638554 0.038461538461538464 0.03132530120481928
0 0.17067307692307693 0.5662650602409639 0.038461538461538464 0.033734939759036145
0 0.11899038461538461 0.5963855421686747 0.040865384615384616 0.02650602409638554
0 0.8137019230769231 0.6216867469879518 0.040865384615384616 0.05783132530120482