0 0.7800480769230769 0.5661057692307693 0.06490384615384616 0.06971153846153846
0 0.20192307692307693 0.5060096153846154 0.04326923076923077 0.040865384615384616
0 0.4254807692307692 0.4987980769230769 0.052884615384615384 0.055288461538461536
0 0.4411057692307692 0.40024038461538464 0.03125 0.036057692307692304
0 0.3942307692307692 0.41466346153846156 0.03365384615384615 0.03125
0 0.8257211538461539 0.39783653846153844 0.04567307692307692 0.04567307692307692
0 0.9483173076923077 0.49399038461538464 0.040865384615384616 0.040865384615384616
0 0.9771634615384616 0.41586538461538464 0.040865384615384616 0.052884615384615384
0 0.8846153846153846 0.4014423076923077 0.028846153846153848 0.04326923076923077
0 0.43990384615384615 0.009615384615384616 0.03365384615384615 0.019230769230769232
0 0.8245192307692307 0.013221153846153846 0.04807692307692308 0.026442307692307692
0 0.9759615384615384 0.006009615384615385 0.04326923076923077 0.01201923076923077
0 0.8858173076923077 0.010817307692307692 0.03125 0.021634615384615384