0 0.1141826923076923 0.328125 0.03125 0.04567307692307692
0 0.296875 0.46634615384615385 0.03125 0.038461538461538464
0 0.4338942307692308 0.34134615384615385 0.021634615384615384 0.04326923076923077
0 0.8317307692307693 0.43509615384615385 0.03365384615384615 0.03365384615384615
0 0.6514423076923077 0.48677884615384615 0.03365384615384615 0.036057692307692304
0 0.5769230769230769 0.3798076923076923 0.03365384615384615 0.03365384615384615
0 0.45913461538461536 0.40024038461538464 0.03365384615384615 0.026442307692307692
0 0.49278846153846156 0.3629807692307692 0.03365384615384615 0.028846153846153848
0 0.4951923076923077 0.3918269230769231 0.03365384615384615 0.038461538461538464
0 0.6574519230769231 0.6911057692307693 0.026442307692307692 0.04567307692307692
0 0.11298076923076923 0.004807692307692308 0.03365384615384615 0.009615384615384616
0 0.65625 0.9819711538461539 0.028846153846153848 0.026442307692307692