0 0.206 0.6051051051051051 0.116 0.12912912912912913
0 0.341 0.5825825825825826 0.078 0.0960960960960961
0 0.474 0.53003003003003 0.076 0.11711711711711711
0 0.66 0.5795795795795796 0.072 0.07807807807807808
0 0.686 0.6831831831831832 0.1 0.14714714714714713
0 0.834 0.8618618618618619 0.144 0.21021021021021022
0 0.714 0.56006006006006 0.056 0.07507507507507508
0 0.55 0.5675675675675675 0.052 0.08408408408408409
0 0.516 0.5165165165165165 0.044 0.07207207207207207
0 0.359 0.37237237237237236 0.022 0.04804804804804805
0 0.282 0.40540540540540543 0.04 0.06006006006006006
0 0.175 0.4024024024024024 0.046 0.042042042042042045