0 0.655 0.7447129909365559 0.054 0.0755287009063444
0 0.714 0.8096676737160121 0.04 0.06042296072507553
0 0.852 0.8051359516616314 0.056 0.0513595166163142
0 0.897 0.324773413897281 0.038 0.0634441087613293
0 0.719 0.3942598187311178 0.034 0.06948640483383686
0 0.682 0.3987915407854985 0.036 0.07250755287009064
0 0.608 0.37915407854984895 0.028 0.0634441087613293
0 0.634 0.3459214501510574 0.028 0.0513595166163142
0 0.554 0.7099697885196374 0.044 0.04833836858006042
0 0.407 0.5015105740181269 0.046 0.06646525679758308
0 0.374 0.37613293051359514 0.028 0.0634441087613293
0 0.22 0.4335347432024169 0.052 0.06948640483383686
0 0.059 0.525679758308157 0.034 0.07250755287009064