0 0.4163265306122449 0.2169230769230769 0.09795918367346938 0.12
0 0.09081632653061225 0.43846153846153846 0.15306122448979592 0.18153846153846154
0 0.31020408163265306 0.3523076923076923 0.09795918367346938 0.12
0 0.3163265306122449 0.19846153846153847 0.09795918367346938 0.12
0 0.22653061224489796 0.17384615384615384 0.09795918367346938 0.12
0 0.1673469387755102 0.17384615384615384 0.09795918367346938 0.12
0 0.7510204081632653 0.27384615384615385 0.07755102040816327 0.11076923076923077
0 0.8622448979591837 0.14153846153846153 0.12448979591836734 0.12307692307692308
0 0.6510204081632653 0.17384615384615384 0.09795918367346938 0.12
0 0.5142857142857142 0.14153846153846153 0.06938775510204082 0.09846153846153846
0 0.560204081632653 0.3076923076923077 0.11224489795918367 0.12307692307692308
0 0.8193877551020409 0.4107692307692308 0.16938775510204082 0.2123076923076923