1 0.7476900000000001 0.2894109195402299 0.035380000000000106 0.07307471264367818
1 0.5726100000000001 0.30768678160919544 0.037220000000000024 0.05215517241379312
0 0.38453 0.32400862068965514 0.049059999999999944 0.08479885057471262
1 0.9425 0.3581034482758621 0.049 0.07827586206896554
0 0.41461000000000003 0.4325431034482759 0.05722000000000003 0.0834770114942529
0 0.18099 0.43580459770114943 0.04998000000000002 0.08999999999999998
1 0.64676 0.5174281609195402 0.045519999999999984 0.08083333333333333
0 0.31898000000000004 0.9101149425287357 0.04996000000000004 0.08459770114942544
1 0.6639700000000001 0.13216954022988506 0.03994000000000005 0.057442528735632166
1 0.5317000000000001 0.14889367816091953 0.03540000000000009 0.0679022988505747
1 0.6785800000000001 0.1929022988505747 0.04916000000000008 0.0639655172413793
0 0.13517 0.2097413793103448 0.04634000000000002 0.08614942528735631
0 0.47798 0.24135057471264365 0.03996000000000004 0.0861494252873563
1 0.83505 0.24525862068965515 0.03809999999999991 0.06522988505747124
1 0.60821 0.2558477011494253 0.03642000000000007 0.06916666666666664