0 0.018028846153846152 0.07451923076923077 0.036057692307692304 0.08173076923076923
0 0.3088942307692308 0.3581730769230769 0.11298076923076923 0.10096153846153846
0 0.8942307692307693 0.39302884615384615 0.052884615384615384 0.040865384615384616
0 0.9242788461538461 0.25600961538461536 0.04567307692307692 0.036057692307692304
0 0.9555288461538461 0.09615384615384616 0.04567307692307692 0.038461538461538464
0 0.7908653846153846 0.26322115384615385 0.04807692307692308 0.036057692307692304
0 0.8413461538461539 0.24158653846153846 0.052884615384615384 0.05048076923076923
0 0.6887019230769231 0.25600961538461536 0.055288461538461536 0.05048076923076923
0 0.5877403846153846 0.22355769230769232 0.055288461538461536 0.04807692307692308
0 0.47596153846153844 0.19951923076923078 0.052884615384615384 0.04326923076923077
0 0.5709134615384616 0.021634615384615384 0.06009615384615385 0.04326923076923077
0 0.7079326923076923 0.039663461538461536 0.05048076923076923 0.04567307692307692