1 0.5665399239543726 0.2838541666666667 0.053231939163498096 0.08854166666666667
1 0.1920152091254753 0.3932291666666667 0.049429657794676805 0.08854166666666667
1 0.6197718631178707 0.46875 0.053231939163498096 0.09375
1 0.43346007604562736 0.5546875 0.053231939163498096 0.08854166666666667
1 0.10456273764258556 0.3098958333333333 0.04182509505703422 0.08854166666666667
1 0.41634980988593157 0.21875 0.034220532319391636 0.0625
1 0.8003802281368821 0.2578125 0.07224334600760456 0.16145833333333334
1 0.26996197718631176 0.3802083333333333 0.03802281368821293 0.07291666666666667
1 0.3365019011406844 0.2682291666666667 0.034220532319391636 0.06770833333333333
1 0.2889733840304182 0.23697916666666666 0.03802281368821293 0.046875
1 0.6387832699619772 0.2630208333333333 0.030418250950570342 0.046875
1 0.9847908745247148 0.4088541666666667 0.030418250950570342 0.078125
1 0.8307984790874525 0.20833333333333334 0.026615969581749048 0.0625
1 0.811787072243346 0.4322916666666667 0.057034220532319393 0.09375