1 0.04779411764705882 0.14324324324324325 0.058823529411764705 0.14594594594594595
1 0.5643382352941176 0.8783783783783784 0.11764705882352941 0.24324324324324326
1 0.32536764705882354 0.11081081081081082 0.07720588235294118 0.14594594594594595
1 0.6819852941176471 0.3162162162162162 0.12867647058823528 0.24324324324324326
1 0.9117647058823529 0.21621621621621623 0.051470588235294115 0.0972972972972973
1 0.36580882352941174 0.5297297297297298 0.09191176470588236 0.21621621621621623
1 0.5772058823529411 0.2891891891891892 0.125 0.2
1 0.07536764705882353 0.3054054054054054 0.06985294117647059 0.16756756756756758
1 0.9301470588235294 0.8054054054054054 0.11764705882352941 0.1945945945945946
1 0.20220588235294118 0.3216216216216216 0.08088235294117647 0.12432432432432433
1 0.12316176470588236 0.7837837837837838 0.13602941176470587 0.24864864864864866
1 0.84375 0.3 0.0625 0.1891891891891892
1 0.5091911764705882 0.1 0.04044117647058824 0.08108108108108109
1 0.5827205882352942 0.16756756756756758 0.05514705882352941 0.07567567567567568
1 0.2610294117647059 0.1837837837837838 0.058823529411764705 0.08648648648648649