0 0.23677884615384615 0.21634615384615385 0.17548076923076922 0.22596153846153846
0 0.03245192307692308 0.19230769230769232 0.06490384615384616 0.11538461538461539
0 0.036057692307692304 0.9447115384615384 0.07211538461538461 0.10576923076923077
0 0.11057692307692307 0.9014423076923077 0.14423076923076922 0.15865384615384615
0 0.19230769230769232 0.9302884615384616 0.11538461538461539 0.1346153846153846
0 0.3449519230769231 0.8858173076923077 0.13701923076923078 0.12740384615384615
0 0.4855769230769231 0.9627403846153846 0.14423076923076922 0.06971153846153846
0 0.5408653846153846 0.875 0.052884615384615384 0.125
0 0.43509615384615385 0.8028846153846154 0.1201923076923077 0.08653846153846154
0 0.27283653846153844 0.8293269230769231 0.11298076923076923 0.10096153846153846
0 0.20552884615384615 0.7956730769230769 0.11298076923076923 0.07211538461538461