0 0.5336538461538461 0.07692307692307693 0.25 0.15384615384615385
0 0.9350961538461539 0.1141826923076923 0.125 0.2283653846153846
0 0.5420673076923077 0.43149038461538464 0.12259615384615384 0.06490384615384616
0 0.43149038461538464 0.4831730769230769 0.04567307692307692 0.08173076923076923
0 0.9507211538461539 0.4795673076923077 0.09375 0.16105769230769232
0 0.703125 0.5324519230769231 0.14182692307692307 0.11778846153846154
0 0.8978365384615384 0.609375 0.09375 0.07932692307692307
0 0.8076923076923077 0.5709134615384616 0.09134615384615384 0.07451923076923077
0 0.59375 0.515625 0.08173076923076923 0.07932692307692307
0 0.6237980769230769 0.5540865384615384 0.04567307692307692 0.055288461538461536
0 0.453125 0.5444711538461539 0.040865384615384616 0.04567307692307692