0 0.30528846153846156 0.09254807692307693 0.16826923076923078 0.15144230769230768
0 0.22355769230769232 0.2776442307692308 0.057692307692307696 0.06490384615384616
0 0.11538461538461539 0.2548076923076923 0.07211538461538461 0.08173076923076923
0 0.04567307692307692 0.25240384615384615 0.09134615384615384 0.11538461538461539
0 0.1045673076923077 0.3137019230769231 0.04567307692307692 0.06490384615384616
0 0.5877403846153846 0.016826923076923076 0.09375 0.03365384615384615
0 0.8918269230769231 0.03485576923076923 0.1346153846153846 0.06971153846153846
0 0.9783653846153846 0.04326923076923077 0.038461538461538464 0.07211538461538461
0 0.7800480769230769 0.02403846153846154 0.07932692307692307 0.04807692307692308
0 0.5204326923076923 0.018028846153846152 0.07932692307692307 0.036057692307692304
0 0.8197115384615384 0.04567307692307692 0.038461538461538464 0.052884615384615384
0 0.6502403846153846 0.05048076923076923 0.036057692307692304 0.04326923076923077
0 0.2800480769230769 0.41225961538461536 0.2283653846153846 0.026442307692307692