0 0.06370192307692307 0.039663461538461536 0.12740384615384615 0.07932692307692307
0 0.16706730769230768 0.6045673076923077 0.18028846153846154 0.13221153846153846
0 0.4807692307692308 0.8016826923076923 0.12980769230769232 0.15144230769230768
0 0.5829326923076923 0.7067307692307693 0.12740384615384615 0.14903846153846154
0 0.6694711538461539 0.7379807692307693 0.09375 0.15384615384615385
0 0.8137019230769231 0.6538461538461539 0.12740384615384615 0.11538461538461539
0 0.9483173076923077 0.7319711538461539 0.0985576923076923 0.11298076923076923
0 0.8942307692307693 0.5661057692307693 0.11538461538461539 0.055288461538461536
0 0.734375 0.6069711538461539 0.10336538461538461 0.0889423076923077
0 0.6634615384615384 0.578125 0.10096153846153846 0.07932692307692307
0 0.4338942307692308 0.6490384615384616 0.0889423076923077 0.10576923076923077