0 0.7800480769230769 0.3269230769230769 0.07451923076923077 0.019230769230769232
0 0.6346153846153846 0.32572115384615385 0.07692307692307693 0.021634615384615384
0 0.5528846153846154 0.32572115384615385 0.07692307692307693 0.021634615384615384
0 0.46153846153846156 0.328125 0.0625 0.016826923076923076
0 0.41225961538461536 0.3076923076923077 0.06490384615384616 0.057692307692307696
0 0.3449519230769231 0.27283653846153844 0.06490384615384616 0.07932692307692307
0 0.2800480769230769 0.265625 0.06971153846153846 0.06971153846153846
0 0.18509615384615385 0.296875 0.07211538461538461 0.07451923076923077
0 0.10576923076923077 0.25721153846153844 0.08173076923076923 0.09134615384615384
0 0.021634615384615384 0.2776442307692308 0.04326923076923077 0.07932692307692307
0 0.9182692307692307 0.4014423076923077 0.15865384615384615 0.125