0 0.6069711538461539 0.027644230769230768 0.0985576923076923 0.055288461538461536
0 0.3161057692307692 0.03245192307692308 0.09375 0.06490384615384616
0 0.13581730769230768 0.08173076923076923 0.21875 0.16346153846153846
0 0.7439903846153846 0.49158653846153844 0.12259615384615384 0.1658653846153846
0 0.8762019230769231 0.5432692307692307 0.14182692307692307 0.08653846153846154
0 0.9759615384615384 0.8774038461538461 0.03365384615384615 0.04807692307692308
0 0.9158653846153846 0.8557692307692307 0.038461538461538464 0.04807692307692308
0 0.8737980769230769 0.8870192307692307 0.03125 0.04326923076923077
0 0.7836538461538461 0.9038461538461539 0.028846153846153848 0.038461538461538464
0 0.7127403846153846 0.9050480769230769 0.040865384615384616 0.05048076923076923
0 0.7632211538461539 0.8990384615384616 0.03125 0.04326923076923077