0 0.055288461538461536 0.14423076923076922 0.11057692307692307 0.09615384615384616
0 0.5120192307692307 0.04447115384615385 0.1875 0.0889423076923077
0 0.24759615384615385 0.1875 0.1346153846153846 0.10576923076923077
0 0.4567307692307692 0.17908653846153846 0.08653846153846154 0.06971153846153846
0 0.3581730769230769 0.17908653846153846 0.08653846153846154 0.06490384615384616
0 0.1346153846153846 0.21634615384615385 0.07692307692307693 0.07211538461538461
0 0.1778846153846154 0.24158653846153846 0.038461538461538464 0.05048076923076923
0 0.014423076923076924 0.29927884615384615 0.028846153846153848 0.04567307692307692
0 0.8641826923076923 0.03245192307692308 0.21394230769230768 0.06490384615384616
0 0.265625 0.6802884615384616 0.15625 0.15865384615384615
0 0.9675480769230769 0.7704326923076923 0.06009615384615385 0.09375
0 0.6899038461538461 0.8233173076923077 0.10096153846153846 0.0889423076923077