0 0.9855769230769231 0.037259615384615384 0.02403846153846154 0.07451923076923077
0 0.8689903846153846 0.09735576923076923 0.07932692307692307 0.07932692307692307
0 0.7908653846153846 0.13341346153846154 0.07692307692307693 0.09375
0 0.7019230769230769 0.16466346153846154 0.0625 0.07451923076923077
0 0.640625 0.14543269230769232 0.06490384615384616 0.06971153846153846
0 0.5673076923076923 0.13581730769230768 0.0673076923076923 0.07932692307692307
0 0.5 0.15384615384615385 0.07211538461538461 0.07211538461538461
0 0.41586538461538464 0.22115384615384615 0.07211538461538461 0.07692307692307693
0 0.359375 0.21514423076923078 0.021634615384615384 0.0985576923076923
0 0.7740384615384616 0.5997596153846154 0.07211538461538461 0.06009615384615385
0 0.8569711538461539 0.7307692307692307 0.04567307692307692 0.057692307692307696