0 0.6838942307692307 0.25721153846153844 0.055288461538461536 0.057692307692307696
0 0.578125 0.22355769230769232 0.055288461538461536 0.057692307692307696
0 0.5348557692307693 0.4206730769230769 0.06490384615384616 0.057692307692307696
0 0.4026442307692308 0.3557692307692308 0.055288461538461536 0.052884615384615384
0 0.6189903846153846 0.0889423076923077 0.05048076923076923 0.04807692307692308
0 0.4651442307692308 0.22115384615384615 0.04567307692307692 0.04326923076923077
0 0.5360576923076923 0.06610576923076923 0.04807692307692308 0.04567307692307692
0 0.3329326923076923 0.22115384615384615 0.05048076923076923 0.04326923076923077
0 0.3870192307692308 0.20192307692307693 0.057692307692307696 0.0625
0 0.23557692307692307 0.20192307692307693 0.0625 0.0625
0 0.14543269230769232 0.1622596153846154 0.06009615384615385 0.06009615384615385
0 0.039663461538461536 0.12980769230769232 0.055288461538461536 0.052884615384615384
0 0.30649038461538464 0.009615384615384616 0.055288461538461536 0.019230769230769232
0 0.7944711538461539 0.14903846153846154 0.09375 0.10096153846153846