0 0.5869791666666667 0.3059490084985836 0.023958333333333335 0.056657223796033995
0 0.43385416666666665 0.3073654390934844 0.036458333333333336 0.06515580736543909
0 0.23802083333333332 0.31586402266288954 0.040625 0.06515580736543909
0 0.47552083333333334 0.34419263456090654 0.036458333333333336 0.09348441926345609
0 0.17447916666666666 0.35127478753541075 0.046875 0.0906515580736544
0 0.5614583333333333 0.3555240793201133 0.035416666666666666 0.08781869688385269
0 0.38333333333333336 0.3668555240793201 0.041666666666666664 0.0821529745042493
0 0.28229166666666666 0.3781869688385269 0.04791666666666667 0.08781869688385269
0 0.0703125 0.386685552407932 0.05520833333333333 0.08781869688385269
0 0.634375 0.3980169971671388 0.04791666666666667 0.09348441926345609
0 0.12604166666666666 0.43626062322946174 0.052083333333333336 0.07365439093484419
0 0.32760416666666664 0.43909348441926344 0.04895833333333333 0.08498583569405099
0 0.4359375 0.44192634560906513 0.04895833333333333 0.07932011331444759
0 0.221875 0.45609065155807366 0.058333333333333334 0.09631728045325778
0 0.525 0.46175637393767704 0.052083333333333336 0.10764872521246459
0 0.34791666666666665 0.2804532577903683 0.0375 0.08498583569405099