0 0.36533333333333334 0.2590909090909091 0.032 0.05909090909090909
0 0.6106666666666667 0.2772727272727273 0.042666666666666665 0.05
0 0.5233333333333333 0.29545454545454547 0.028 0.05
0 0.33666666666666667 0.38295454545454544 0.03866666666666667 0.07045454545454545
0 0.6806666666666666 0.38295454545454544 0.04666666666666667 0.075
0 0.5946666666666667 0.4102272727272727 0.048 0.07954545454545454
1 0.20666666666666667 0.45681818181818185 0.037333333333333336 0.05
0 0.09066666666666667 0.5284090909090909 0.05333333333333334 0.07954545454545454
1 0.104 0.6068181818181818 0.042666666666666665 0.05
0 0.766 0.65 0.04133333333333333 0.05
0 0.8126666666666666 0.6511363636363636 0.036 0.075
0 0.49066666666666664 0.7340909090909091 0.04533333333333334 0.08181818181818182
0 0.4046666666666667 0.225 0.04666666666666667 0.05