0 0.462988688231792 0.30797856504912174 0.03373685255010915 0.04435844001190831
0 0.31722564000793807 0.31616552545400417 0.03711053780512007 0.04465614766299494
0 0.6268108751736455 0.31988687109258707 0.027981742409208175 0.04435844001190831
0 0.5447509426473507 0.3212265555224769 0.023814248858900575 0.03155701101518309
0 0.7427068862869617 0.3441500446561477 0.04187338757690018 0.04644239356951474
0 0.3852947013296289 0.35129502828222686 0.03433220877158166 0.04346531705864841
1 0.6612423099821393 0.3655849955343852 0.03691208573129589 0.03870199464126228
0 0.5628100813653503 0.37927954748437037 0.03969041476483429 0.048228639476034535
0 0.28041278031355427 0.3844894313783864 0.04683468942250447 0.06043465317058649
0 0.44860091287953957 0.3889550461446859 0.04703314149632864 0.051503423637987496
0 0.1717602698948204 0.39743971420065494 0.05655884103988887 0.05358737719559393
0 0.3429251835681683 0.4428401309913665 0.04762849771780115 0.055075915451027094
0 0.2474697360587418 0.47633224173861266 0.053582059932526294 0.04763322417386127
0 0.668981940861282 0.1808573980351295 0.03095852351657075 0.03125930336409646
0 0.7873586028974002 0.2834176838344745 0.03393530462393332 0.05656445370646026
0 0.7089700337368525 0.28490622208990773 0.027981742409208175 0.04763322417386127