0 0.87158203125 0.2080745341614907 0.0517578125 0.06418219461697723
0 0.35009765625 0.21325051759834368 0.0458984375 0.062111801242236024
0 0.701171875 0.2287784679089027 0.056640625 0.055900621118012424
0 0.44384765625 0.2370600414078675 0.0556640625 0.055900621118012424
0 0.20703125 0.23809523809523808 0.046875 0.07039337474120083
0 0.5146484375 0.2453416149068323 0.046875 0.07246376811594203
0 0.03515625 0.2670807453416149 0.048828125 0.07039337474120083
0 0.599609375 0.2732919254658385 0.048828125 0.07039337474120083
0 0.28076171875 0.2919254658385093 0.0517578125 0.07039337474120083
0 0.1162109375 0.3219461697722567 0.046875 0.07246376811594203
0 0.775390625 0.14285714285714285 0.060546875 0.07867494824016563
0 0.8310546875 0.19254658385093168 0.05078125 0.06625258799171843
0 0.94140625 0.19358178053830227 0.083984375 0.09730848861283643