0 0.8796875 0.81484375 0.1734375 0.1109375
1 0.90234375 0.29453125 0.0890625 0.0890625
1 0.21015625 0.25234375 0.0796875 0.09609375
1 0.34765625 0.2828125 0.09375 0.103125
1 0.58046875 0.2859375 0.0796875 0.10078125
1 0.1703125 0.3390625 0.09140625 0.10546875
1 0.71484375 0.259375 0.09375 0.1203125
1 0.8125 0.3578125 0.1390625 0.14921875
1 0.4515625 0.46640625 0.10546875 0.14921875
0 0.8796875 0.93515625 0.1734375 0.1109375
1 0.21171875 0.02421875 0.08203125 0.0484375
1 0.3484375 0.0109375 0.09609375 0.021875
1 0.71640625 0.0265625 0.09609375 0.053125