0 0.22109375 0.56875 0.04296875 0.04375
0 0.27890625 0.56484375 0.03828125 0.04609375
0 0.31875 0.5640625 0.0359375 0.03828125
0 0.3765625 0.5671875 0.0359375 0.040625
0 0.44140625 0.57734375 0.0359375 0.040625
0 0.41015625 0.55625 0.03125 0.03828125
0 0.56015625 0.57265625 0.03828125 0.0359375
0 0.8125 0.56640625 0.053125 0.053125
0 0.71171875 0.5515625 0.02890625 0.02890625
0 0.56953125 0.5265625 0.02890625 0.0359375
0 0.22109375 0.93046875 0.04296875 0.04375
0 0.27890625 0.9359375 0.03828125 0.04609375
0 0.31875 0.93515625 0.0359375 0.03828125
0 0.3765625 0.93359375 0.0359375 0.040625
0 0.44140625 0.92421875 0.0359375 0.040625
0 0.41015625 0.9421875 0.03125 0.03828125
0 0.56015625 0.92890625 0.03828125 0.0359375
0 0.8125 0.9328125 0.053125 0.053125
0 0.71171875 0.946875 0.02890625 0.02890625
0 0.56953125 0.975 0.02890625 0.0359375