0 0.82578125 0.4625 0.05546875 0.0671875
0 0.4625 0.459375 0.0453125 0.06953125
0 0.1609375 0.4640625 0.053125 0.075
0 0.3140625 0.475 0.0453125 0.0671875
0 0.21640625 0.4828125 0.03359375 0.04609375
0 0.3484375 0.46953125 0.02890625 0.0578125
0 0.5 0.4671875 0.03828125 0.0625
0 0.61875 0.4421875 0.05078125 0.06953125
0 0.6890625 0.46015625 0.0359375 0.0484375
0 0.65859375 0.46875 0.02890625 0.04609375
0 0.77265625 0.453125 0.0359375 0.0484375
0 0.9421875 0.459375 0.03828125 0.04609375
0 0.8609375 0.46015625 0.03359375 0.0578125
0 0.3859375 0.4578125 0.0453125 0.0625
0 0.5515625 0.46484375 0.021875 0.03359375
0 0.578125 0.4671875 0.0265625 0.03828125