0 0.66640625 0.31875 0.1375 0.19453125
0 0.8359375 0.30625 0.07265625 0.19921875
0 0.36171875 0.3078125 0.14453125 0.196875
0 0.53046875 0.26796875 0.13984375 0.165625
0 0.7203125 0.22109375 0.115625 0.1734375
0 0.43984375 0.196875 0.11328125 0.14453125
0 0.27109375 0.228125 0.11796875 0.2015625
0 0.7828125 0.21640625 0.09140625 0.14453125
0 0.8421875 0.16328125 0.06015625 0.1109375
0 0.5515625 0.14296875 0.09609375 0.11796875
0 0.19765625 0.2234375 0.07265625 0.15859375
0 0.68515625 0.14921875 0.09375 0.10546875
0 0.31953125 0.053125 0.075 0.071875
0 0.246875 0.10234375 0.084375 0.103125
0 0.15625 0.19453125 0.0578125 0.16328125
0 0.59375 0.07421875 0.06953125 0.09609375
0 0.640625 0.125 0.07265625 0.1109375
0 0.91328125 0.30625 0.07265625 0.19921875
0 0.984375 0.22265625 0.03125 0.17578125
0 0.01953125 0.2296875 0.03359375 0.2046875
0 0.959375 0.2171875 0.08125 0.146875
0 0.9046875 0.16328125 0.06015625 0.1109375
0 0.05078125 0.2234375 0.07265625 0.15859375
0 0.02265625 0.10078125 0.040625 0.10546875
0 0.09140625 0.19453125 0.0578125 0.16328125