0 0.55859375 0.36875 0.11796875 0.1421875
0 0.4015625 0.3953125 0.08203125 0.0984375
0 0.19375 0.3421875 0.084375 0.11328125
0 0.9171875 0.4171875 0.0984375 0.11796875
0 0.7953125 0.4109375 0.09140625 0.115625
0 0.26171875 0.33203125 0.115625 0.1390625
0 0.4703125 0.4125 0.06484375 0.07421875
0 0.62265625 0.384375 0.08671875 0.115625
0 0.0734375 0.2296875 0.1421875 0.12265625
2 0.9265625 0.59375 0.13671875 0.45703125
2 0.78125 0.5921875 0.14453125 0.4640625
2 0.64765625 0.58046875 0.13203125 0.49296875
2 0.5609375 0.5671875 0.31953125 0.51953125
2 0.36875 0.58671875 0.12265625 0.47578125
2 0.22109375 0.5484375 0.22109375 0.5578125
2 0.0734375 0.49765625 0.1421875 0.65859375
0 0.56015625 0.01796875 0.1203125 0.0359375
0 0.19453125 0.02421875 0.08671875 0.0484375
0 0.2609375 0.0359375 0.11796875 0.071875
0 0.0734375 0.1046875 0.1421875 0.12265625
2 0.928125 0.9171875 0.1390625 0.1609375
2 0.7796875 0.915625 0.146875 0.16328125
2 0.64921875 0.91484375 0.134375 0.165625
2 0.5625 0.91484375 0.321875 0.165625
2 0.3703125 0.915625 0.125 0.16328125
2 0.2203125 0.91484375 0.2234375 0.165625
2 0.07421875 0.0828125 0.14453125 0.165625
2 0.07421875 0.91484375 0.14453125 0.165625