1 0.2875 0.33359375 0.07421875 0.084375
1 0.17578125 0.4015625 0.04296875 0.05078125
1 0.2296875 0.3734375 0.05078125 0.0671875
1 0.29921875 0.39296875 0.0453125 0.0578125
1 0.428125 0.43515625 0.03828125 0.05078125
1 0.57578125 0.4265625 0.0453125 0.0484375
1 0.2875 0.10703125 0.07421875 0.084375
1 0.17578125 0.03984375 0.04296875 0.05078125
1 0.2296875 0.06484375 0.05078125 0.0671875
1 0.29921875 0.04609375 0.0453125 0.0578125
1 0.42890625 0.015625 0.040625 0.03125
1 0.57421875 0.01953125 0.0484375 0.03828125