0 0.14296875 0.49375 0.0453125 0.0578125
0 0.16796875 0.290625 0.02890625 0.040625
0 0.475 0.2 0.03125 0.03828125
0 0.23828125 0.384375 0.04296875 0.04609375
0 0.33203125 0.30625 0.03359375 0.04375
0 0.5140625 0.384375 0.03828125 0.040625
0 0.97109375 0.6203125 0.0484375 0.05546875
0 0.93359375 0.4578125 0.040625 0.053125
0 0.63828125 0.38671875 0.0359375 0.040625
0 0.671875 0.30390625 0.0359375 0.04375
0 0.53359375 0.35625 0.03359375 0.03828125
0 0.16796875 0.04453125 0.02890625 0.040625
0 0.475 0.1328125 0.03125 0.03828125
0 0.33203125 0.0265625 0.03359375 0.04375
0 0.671875 0.02890625 0.0359375 0.04375