0 0.865625 0.33515625 0.071875 0.084375
0 0.6453125 0.3453125 0.05546875 0.06484375
0 0.4 0.36796875 0.03125 0.03828125
0 0.4375 0.3703125 0.03828125 0.053125
0 0.48203125 0.35703125 0.03125 0.040625
0 0.50390625 0.35234375 0.0265625 0.040625
0 0.5375 0.353125 0.0359375 0.0484375
0 0.5875 0.34140625 0.040625 0.0578125
0 0.76796875 0.3546875 0.040625 0.05078125
0 0.8125 0.36171875 0.03359375 0.040625
0 0.9828125 0.334375 0.02421875 0.0765625
0 0.865625 0.1046875 0.071875 0.084375
0 0.6453125 0.0953125 0.05546875 0.06484375
0 0.4 0.06953125 0.03125 0.03828125
0 0.4375 0.0671875 0.03828125 0.053125
0 0.48203125 0.0828125 0.03125 0.040625
0 0.50390625 0.0875 0.0265625 0.040625
0 0.5375 0.084375 0.0359375 0.0484375
0 0.5875 0.09609375 0.040625 0.0578125
0 0.76796875 0.08515625 0.040625 0.05078125
0 0.8125 0.078125 0.03359375 0.040625
0 0.9828125 0.103125 0.02421875 0.0765625