1 0.93984375 0.32578125 0.071875 0.0890625
1 0.63359375 0.40859375 0.05078125 0.0625
1 0.83046875 0.35546875 0.0453125 0.0578125
1 0.9171875 0.35703125 0.0453125 0.06015625
1 0.68359375 0.35234375 0.0359375 0.0453125
1 0.61875 0.3390625 0.0453125 0.04296875
1 0.525 0.3765625 0.0359375 0.0453125
1 0.5296875 0.3390625 0.0359375 0.04296875
1 0.4859375 0.3578125 0.04296875 0.0484375
1 0.40234375 0.353125 0.0265625 0.0484375
1 0.34609375 0.36171875 0.03828125 0.05546875
1 0.275 0.334375 0.05078125 0.0671875
1 0.165625 0.36328125 0.03359375 0.04296875