0 0.68046875 0.3640625 0.08203125 0.0984375
0 0.75703125 0.41953125 0.08203125 0.1078125
0 0.58515625 0.44609375 0.06953125 0.0890625
0 0.125 0.43359375 0.0578125 0.06953125
0 0.396875 0.4046875 0.0578125 0.07421875
0 0.271875 0.42421875 0.0578125 0.06484375
0 0.5296875 0.40390625 0.05078125 0.0671875
0 0.33671875 0.42890625 0.0484375 0.06015625
0 0.4828125 0.41328125 0.03828125 0.0484375
0 0.06015625 0.44921875 0.03359375 0.04296875
0 0.68046875 0.0515625 0.08203125 0.0984375
0 0.7578125 0.025 0.084375 0.05
0 0.1265625 0.00859375 0.06015625 0.0171875
0 0.39765625 0.02421875 0.06015625 0.0484375
0 0.271875 0.01171875 0.059375 0.0234375
0 0.52890625 0.02265625 0.053125 0.0453125
0 0.3375 0.00859375 0.05078125 0.0171875
0 0.484375 0.01328125 0.040625 0.0265625