0 0.546875 0.3265625 0.06484375 0.0796875
0 0.47578125 0.29296875 0.09609375 0.1328125
0 0.1515625 0.27265625 0.1203125 0.15390625
0 0.31875 0.315625 0.1421875 0.178125
0 0.39296875 0.32890625 0.05546875 0.084375
1 0.71015625 0.3265625 0.07421875 0.0890625
0 0.2015625 0.32890625 0.0671875 0.0984375
0 0.5484375 0.02421875 0.0671875 0.0484375
0 0.47578125 0.05390625 0.0984375 0.1078125
0 0.15078125 0.06953125 0.1234375 0.1390625
0 0.3203125 0.05390625 0.14375 0.1078125
0 0.39453125 0.02421875 0.0578125 0.0484375
1 0.71171875 0.0265625 0.0765625 0.053125
0 0.2015625 0.02734375 0.06875 0.0546875