1 0.9421875 0.359375 0.0625 0.09375
1 0.0640625 0.36328125 0.06484375 0.08671875
1 0.7640625 0.2921875 0.0671875 0.084375
1 0.30546875 0.32421875 0.0671875 0.08203125
1 0.1828125 0.32109375 0.0671875 0.084375
1 0.36640625 0.3078125 0.05546875 0.08203125
1 0.8390625 0.32109375 0.0578125 0.06484375
1 0.228125 0.2703125 0.0578125 0.06953125
1 0.8375 0.2515625 0.05546875 0.06015625
1 0.47578125 0.33515625 0.0578125 0.06015625
1 0.50234375 0.2859375 0.053125 0.0671875
1 0.42890625 0.26171875 0.0453125 0.0578125
1 0.6109375 0.28359375 0.0625 0.0765625
1 0.6671875 0.28359375 0.05078125 0.0671875
1 0.76328125 0.23046875 0.040625 0.0578125
1 0.803125 0.3890625 0.0671875 0.071875
1 0.2296875 0.00859375 0.06015625 0.0171875
1 0.83671875 0.015625 0.0578125 0.03125
1 0.42734375 0.009375 0.0484375 0.01875
1 0.7609375 0.025 0.04375 0.05