0 0.6109375 0.3953125 0.071875 0.09375
0 0.0515625 0.41796875 0.06015625 0.08203125
0 0.8578125 0.4109375 0.0625 0.08671875
0 0.5265625 0.4109375 0.0578125 0.071875
0 0.80546875 0.41953125 0.053125 0.06953125
0 0.11171875 0.43515625 0.05546875 0.0625
0 0.26171875 0.42890625 0.053125 0.06484375
0 0.36796875 0.42421875 0.0484375 0.06015625
0 0.19140625 0.42890625 0.0453125 0.05546875
0 0.6546875 0.4375 0.05078125 0.0625
0 0.7015625 0.4203125 0.03828125 0.0625
0 0.8921875 0.44453125 0.04296875 0.0578125
0 0.41953125 0.428125 0.0359375 0.0578125
0 0.49140625 0.4234375 0.0359375 0.0671875