1 0.4671875 0.30390625 0.07421875 0.084375
1 0.3921875 0.3171875 0.071875 0.09609375
1 0.73046875 0.3703125 0.0671875 0.08203125
1 0.88359375 0.334375 0.06953125 0.10078125
1 0.2140625 0.33671875 0.0671875 0.09140625
1 0.078125 0.30625 0.06484375 0.084375
1 0.61640625 0.31640625 0.07421875 0.0984375
1 0.265625 0.3078125 0.05546875 0.08203125
1 0.67421875 0.33203125 0.040625 0.0578125
1 0.8171875 0.3109375 0.053125 0.06484375
1 0.984375 0.3328125 0.0265625 0.06484375
1 0.46640625 0.01171875 0.0765625 0.0234375
1 0.0765625 0.0109375 0.0671875 0.021875
1 0.61484375 0.009375 0.0765625 0.01875
1 0.26328125 0.009375 0.0578125 0.01875