0 0.2796875 0.296875 0.0890625 0.0984375
1 0.55546875 0.2671875 0.0671875 0.10078125
1 0.7015625 0.2765625 0.0671875 0.09609375
1 0.08046875 0.27734375 0.09375 0.11328125
1 0.84375 0.2453125 0.09609375 0.1296875
1 0.44140625 0.2609375 0.0796875 0.103125
1 0.1234375 0.27734375 0.06484375 0.09375
1 0.49296875 0.2765625 0.0578125 0.0765625
1 0.7828125 0.2875 0.06015625 0.084375
1 0.55390625 0.0203125 0.06953125 0.040625
1 0.7015625 0.0140625 0.06875 0.028125
1 0.08203125 0.01796875 0.09609375 0.0359375
1 0.8421875 0.03828125 0.0984375 0.0765625
1 0.4421875 0.02421875 0.08203125 0.0484375
1 0.125 0.01328125 0.0671875 0.0265625
1 0.4921875 0.009375 0.059375 0.01875