0 0.959375 0.4328125 0.071875 0.0671875
0 0.22578125 0.265625 0.071875 0.0796875
0 0.228125 0.34140625 0.071875 0.0671875
0 0.109375 0.37109375 0.06484375 0.06484375
0 0.42578125 0.3125 0.0484375 0.0625
0 0.6671875 0.5015625 0.05546875 0.06015625
0 0.7765625 0.46171875 0.0578125 0.0578125
0 0.86171875 0.37890625 0.06953125 0.06484375
1 0.19921875 0.1703125 0.0484375 0.053125
1 0.29453125 0.17578125 0.040625 0.0484375
1 0.19921875 0.040625 0.0484375 0.053125
1 0.29453125 0.0359375 0.040625 0.0484375