0 0.1203125 0.81484375 0.1734375 0.1109375
1 0.09765625 0.29453125 0.0890625 0.0890625
1 0.78984375 0.25234375 0.0796875 0.09609375
1 0.65234375 0.2828125 0.09375 0.103125
1 0.41953125 0.2859375 0.0796875 0.10078125
1 0.8296875 0.3390625 0.09140625 0.10546875
1 0.28515625 0.259375 0.09375 0.1203125
1 0.1875 0.3578125 0.1390625 0.14921875
1 0.5484375 0.46640625 0.10546875 0.14921875
0 0.1203125 0.93515625 0.1734375 0.1109375
1 0.78828125 0.02421875 0.08203125 0.0484375
1 0.6515625 0.0109375 0.09609375 0.021875
1 0.28359375 0.0265625 0.09609375 0.053125