1 0.1734375 0.353125 0.10546875 0.11328125
1 0.86640625 0.36484375 0.06484375 0.0890625
1 0.5671875 0.34375 0.08203125 0.10859375
1 0.34765625 0.3328125 0.09375 0.10625
1 0.740625 0.3203125 0.10546875 0.13515625
1 0.9625 0.34609375 0.05546875 0.0890625
1 0.51796875 0.37578125 0.040625 0.0671875
1 0.62109375 0.35625 0.040625 0.0671875
1 0.09609375 0.3734375 0.0484375 0.0671875
1 0.24609375 0.37265625 0.03125 0.04609375
1 0.02734375 0.38671875 0.05078125 0.06953125
1 0.4671875 0.378125 0.03125 0.03828125
1 0.65 0.36953125 0.040625 0.05546875
1 0.41953125 0.39375 0.040625 0.05078125
1 0.396875 0.35390625 0.03359375 0.0578125
1 0.98046875 0.309375 0.02890625 0.12734375
1 0.17421875 0.01953125 0.1078125 0.03828125
1 0.56875 0.02265625 0.084375 0.0453125
1 0.3453125 0.02734375 0.096875 0.0546875
1 0.74140625 0.040625 0.1078125 0.08125
1 0.96171875 0.0171875 0.0578125 0.03359375
1 0.98203125 0.04453125 0.03125 0.0890625