0 0.8890625 0.6359375 0.0484375 0.05546875
0 0.2875 0.25625 0.0453125 0.05078125
0 0.34375 0.63671875 0.04296875 0.04296875
1 0.64921875 0.25859375 0.0484375 0.0453125
1 0.43125 0.6703125 0.0359375 0.04296875
1 0.78515625 0.66328125 0.0359375 0.04296875
1 0.9796875 0.69375 0.0359375 0.0453125
1 0.01796875 0.665625 0.03125 0.04296875
0 0.2875 0.05859375 0.0453125 0.05078125
1 0.64921875 0.05625 0.0484375 0.0453125
1 0.43046875 0.99296875 0.03828125 0.009375
1 0.978125 0.98046875 0.03828125 0.03359375