0 0.525 0.44140625 0.06953125 0.0890625
0 0.86875 0.4625 0.09375 0.11796875
0 0.709375 0.459375 0.08203125 0.10546875
0 0.46484375 0.4359375 0.05546875 0.084375
0 0.9375 0.41796875 0.0625 0.08203125
0 0.4046875 0.42578125 0.05546875 0.09140625
0 0.36875 0.42890625 0.05078125 0.09375
0 0.3015625 0.45078125 0.0453125 0.06953125
0 0.70703125 0.46015625 0.08671875 0.09375
0 0.7234375 0.40234375 0.0578125 0.06953125
0 0.77265625 0.4234375 0.05078125 0.0671875
0 0.90859375 0.46484375 0.0578125 0.103125