0 0.33671875 0.50859375 0.04296875 0.0453125
0 0.69140625 0.50703125 0.05078125 0.0625
1 0.03984375 0.47734375 0.07421875 0.1078125
1 0.09140625 0.49296875 0.0578125 0.0765625
1 0.209375 0.453125 0.08203125 0.103125
1 0.39296875 0.4859375 0.0796875 0.09140625
1 0.48828125 0.49375 0.0578125 0.07421875
1 0.5828125 0.509375 0.040625 0.0578125
1 0.6453125 0.5171875 0.0796875 0.09609375
1 0.7984375 0.4734375 0.10546875 0.125
1 0.8921875 0.51328125 0.09140625 0.11328125
1 0.9703125 0.50625 0.05546875 0.06484375