0 0.0421875 0.40859375 0.0453125 0.075
0 0.18125 0.46875 0.06015625 0.075
0 0.859375 0.46015625 0.06015625 0.053125
0 0.17890625 0.209375 0.040625 0.053125
0 0.21484375 0.36484375 0.0453125 0.06015625
0 0.8328125 0.31796875 0.0453125 0.053125
0 0.9640625 0.30234375 0.0625 0.05546875
0 0.228125 0.2046875 0.03828125 0.0484375
0 0.3921875 0.24609375 0.0484375 0.053125
1 0.64765625 0.38046875 0.0453125 0.053125
1 0.8375 0.6109375 0.06015625 0.04609375
1 0.70703125 0.2484375 0.0484375 0.0484375
0 0.17890625 0.12265625 0.040625 0.053125
0 0.83203125 0.021875 0.0484375 0.04375
0 0.9640625 0.0328125 0.0625 0.05546875
0 0.228125 0.12734375 0.03828125 0.0484375
0 0.3921875 0.08671875 0.0484375 0.053125
1 0.70703125 0.084375 0.0484375 0.0484375