0 0.071875 0.3484375 0.0578125 0.06484375
1 0.3140625 0.3484375 0.07421875 0.0796875
1 0.478125 0.3671875 0.071875 0.075
1 0.8078125 0.36953125 0.0578125 0.084375
1 0.6265625 0.3625 0.05078125 0.06953125
0 0.540625 0.35546875 0.02421875 0.040625
0 0.375 0.353125 0.03359375 0.05078125
0 0.5734375 0.3578125 0.03125 0.05078125
0 0.7546875 0.36640625 0.02890625 0.04375
1 0.9 0.37265625 0.0359375 0.05078125
1 0.13359375 0.353125 0.040625 0.04609375
1 0.01953125 0.3578125 0.03359375 0.04609375
1 0.1703125 0.34921875 0.02421875 0.03359375
0 0.071875 0.09296875 0.0578125 0.06484375
1 0.3140625 0.09296875 0.07421875 0.0796875
1 0.478125 0.0734375 0.071875 0.075
1 0.8078125 0.07109375 0.0578125 0.084375
1 0.6265625 0.078125 0.05078125 0.06953125
0 0.540625 0.08515625 0.02421875 0.040625
0 0.375 0.08828125 0.03359375 0.05078125
0 0.5734375 0.0828125 0.03125 0.05078125
0 0.7546875 0.07265625 0.02890625 0.04375
1 0.9 0.06875 0.0359375 0.05078125
1 0.13359375 0.08828125 0.040625 0.04609375
1 0.01953125 0.0828125 0.03359375 0.04609375
1 0.1703125 0.0890625 0.02421875 0.03359375