0 0.0734375 0.34609375 0.084375 0.10390625
0 0.64921875 0.33515625 0.0671875 0.09609375
0 0.8546875 0.3203125 0.0890625 0.10625
0 0.4953125 0.32890625 0.10078125 0.12734375
0 0.2875 0.31953125 0.103125 0.12734375
0 0.14453125 0.346875 0.0578125 0.07265625
0 0.71484375 0.31171875 0.103125 0.12734375
0 0.39453125 0.3578125 0.0484375 0.06953125
0 0.2328125 0.36171875 0.053125 0.07265625
0 0.5828125 0.3828125 0.0453125 0.07265625
0 0.07421875 0.0203125 0.08671875 0.040625
0 0.64765625 0.02421875 0.06953125 0.0484375
0 0.85546875 0.03359375 0.09140625 0.0671875
0 0.49375 0.03515625 0.103125 0.06953125
0 0.28828125 0.03984375 0.10546875 0.0796875
0 0.14375 0.01171875 0.059375 0.0234375
0 0.71640625 0.04375 0.10546875 0.08671875