0 0.28515625 0.41484375 0.06015625 0.07421875
0 0.2765625 0.334375 0.0484375 0.0578125
0 0.38671875 0.3296875 0.053125 0.0625
0 0.39921875 0.42421875 0.0578125 0.06953125
0 0.5203125 0.41953125 0.06015625 0.0796875
0 0.65390625 0.4078125 0.0625 0.084375
0 0.7640625 0.41328125 0.0578125 0.08671875
0 0.5109375 0.3125 0.0453125 0.0671875
0 0.61875 0.32421875 0.05078125 0.0625
0 0.72734375 0.33984375 0.05546875 0.06484375
0 0.83203125 0.3421875 0.053125 0.06953125
0 0.89765625 0.3890625 0.07421875 0.0765625
0 0.2765625 0.01171875 0.05 0.0234375
0 0.38828125 0.015625 0.05546875 0.03125
0 0.50859375 0.025 0.0484375 0.05
0 0.61796875 0.01796875 0.053125 0.0359375
0 0.72578125 0.0109375 0.0578125 0.021875
0 0.8328125 0.0109375 0.05546875 0.021875