0 0.31953125 0.3640625 0.08203125 0.0984375
0 0.24296875 0.41953125 0.08203125 0.1078125
0 0.41484375 0.44609375 0.06953125 0.0890625
0 0.875 0.43359375 0.0578125 0.06953125
0 0.603125 0.4046875 0.0578125 0.07421875
0 0.728125 0.42421875 0.0578125 0.06484375
0 0.4703125 0.40390625 0.05078125 0.0671875
0 0.66328125 0.42890625 0.0484375 0.06015625
0 0.5171875 0.41328125 0.03828125 0.0484375
0 0.93984375 0.44921875 0.03359375 0.04296875
0 0.31953125 0.0515625 0.08203125 0.0984375
0 0.2421875 0.025 0.084375 0.05
0 0.8734375 0.00859375 0.06015625 0.0171875
0 0.60234375 0.02421875 0.06015625 0.0484375
0 0.728125 0.01171875 0.059375 0.0234375
0 0.47109375 0.02265625 0.053125 0.0453125
0 0.6625 0.00859375 0.05078125 0.0171875
0 0.515625 0.01328125 0.040625 0.0265625