0 0.84609375 0.35625 0.071875 0.08203125
0 0.93046875 0.34375 0.0625 0.0796875
0 0.7125 0.34375 0.05078125 0.06953125
0 0.41328125 0.34609375 0.0484375 0.06484375
0 0.56015625 0.353125 0.0578125 0.06953125
0 0.6625 0.3421875 0.040625 0.0625
0 0.29921875 0.36484375 0.0453125 0.06015625
0 0.49375 0.346875 0.040625 0.0578125
0 0.1 0.346875 0.0453125 0.0625
0 0.1890625 0.43125 0.06015625 0.0484375
0 0.19453125 0.35546875 0.03359375 0.04609375
0 0.759375 0.3640625 0.0484375 0.08203125
0 0.5328125 0.36484375 0.040625 0.06484375