0 0.35703125 0.30859375 0.084375 0.11328125
0 0.61875 0.2828125 0.07421875 0.1078125
0 0.5453125 0.3296875 0.1109375 0.14453125
1 0.8453125 0.3296875 0.2046875 0.22109375
1 0.4390625 0.35 0.07421875 0.0984375
1 0.04921875 0.33671875 0.07421875 0.10078125
1 0.11875 0.31484375 0.06484375 0.08203125
2 0.09765625 0.57578125 0.18984375 0.59375
2 0.3140625 0.5578125 0.19453125 0.60546875
2 0.4171875 0.54921875 0.1421875 0.49296875
2 0.53828125 0.5640625 0.178125 0.61796875
2 0.63203125 0.521875 0.125 0.60546875
2 0.87109375 0.546875 0.25234375 0.65625
2 0.725 0.50234375 0.30078125 0.73046875
1 0.76328125 0.203125 0.09375 0.11796875
0 0.61796875 0.01171875 0.0765625 0.0234375
2 0.09609375 0.9375 0.1921875 0.1203125
1 0.76171875 0.05390625 0.09609375 0.1078125