0 0.0328125 0.3375 0.06015625 0.1421875
0 0.05625 0.275 0.09375 0.12734375
0 0.14296875 0.3171875 0.0890625 0.09140625
0 0.31953125 0.32578125 0.0625 0.06484375
0 0.3140625 0.28984375 0.05078125 0.0453125
0 0.4015625 0.2859375 0.053125 0.0625
0 0.5828125 0.321875 0.0453125 0.0578125
0 0.73203125 0.26796875 0.06484375 0.084375
0 0.703125 0.27890625 0.0359375 0.071875
0 0.8921875 0.290625 0.08203125 0.09140625
0 0.03125 0.0359375 0.0625 0.071875
0 0.05546875 0.0640625 0.09609375 0.12734375
0 0.1421875 0.03359375 0.09140625 0.0671875
0 0.32109375 0.02265625 0.06484375 0.0453125
0 0.3140625 0.04921875 0.05078125 0.0453125
0 0.4015625 0.05078125 0.053125 0.0625
0 0.58203125 0.02265625 0.0484375 0.0453125
0 0.73203125 0.07109375 0.06484375 0.084375
0 0.703125 0.0578125 0.0359375 0.071875
0 0.89140625 0.0453125 0.0828125 0.090625