1 0.0578125 0.359375 0.0625 0.09375
1 0.9359375 0.36328125 0.06484375 0.08671875
1 0.2359375 0.2921875 0.0671875 0.084375
1 0.69453125 0.32421875 0.0671875 0.08203125
1 0.8171875 0.32109375 0.0671875 0.084375
1 0.63359375 0.3078125 0.05546875 0.08203125
1 0.1609375 0.32109375 0.0578125 0.06484375
1 0.771875 0.2703125 0.0578125 0.06953125
1 0.1625 0.2515625 0.05546875 0.06015625
1 0.52421875 0.33515625 0.0578125 0.06015625
1 0.49765625 0.2859375 0.053125 0.0671875
1 0.57109375 0.26171875 0.0453125 0.0578125
1 0.3890625 0.28359375 0.0625 0.0765625
1 0.3328125 0.28359375 0.05078125 0.0671875
1 0.23671875 0.23046875 0.040625 0.0578125
1 0.196875 0.3890625 0.0671875 0.071875
1 0.7703125 0.00859375 0.06015625 0.0171875
1 0.16328125 0.015625 0.0578125 0.03125
1 0.57265625 0.009375 0.0484375 0.01875
1 0.2390625 0.025 0.04375 0.05