0 0.88359375 0.36171875 0.0796875 0.11796875
0 0.14453125 0.37890625 0.0671875 0.09375
0 0.31484375 0.36171875 0.09140625 0.11796875
0 0.6234375 0.36796875 0.0796875 0.10078125
0 0.02734375 0.3953125 0.05078125 0.11796875
0 0.5640625 0.38125 0.05546875 0.07421875
0 0.75390625 0.38828125 0.05078125 0.07421875
0 0.5171875 0.39453125 0.053125 0.08203125
0 0.3484375 0.36796875 0.0578125 0.09609375
0 0.4671875 0.40625 0.0359375 0.0578125
1 0.41484375 0.390625 0.040625 0.06015625
0 0.69453125 0.4078125 0.03828125 0.05078125
0 0.9234375 0.3921875 0.0578125 0.08203125