0 0.10546875 0.4484375 0.10546875 0.12265625
0 0.93515625 0.5 0.04296875 0.04296875
0 0.8890625 0.4984375 0.03359375 0.040625
0 0.36875 0.4671875 0.06953125 0.09375
0 0.4171875 0.478125 0.0453125 0.071875
0 0.46640625 0.4859375 0.04296875 0.0578125
0 0.49765625 0.4703125 0.03828125 0.06015625
0 0.60234375 0.5015625 0.040625 0.0453125
0 0.65234375 0.4984375 0.0359375 0.0453125
0 0.72578125 0.49375 0.03828125 0.05078125
0 0.7875 0.50625 0.021875 0.03125
0 0.84609375 0.49765625 0.03359375 0.04296875
0 0.82109375 0.4953125 0.021875 0.03828125
1 0.56484375 0.484375 0.02890625 0.040625
1 0.515625 0.4953125 0.0265625 0.03359375