0 0.25 0.45625 0.15859375 0.146875
0 0.6140625 0.740625 0.17578125 0.17578125
0 0.7328125 0.42421875 0.16328125 0.15390625
0 0.85078125 0.2828125 0.15390625 0.18515625
0 0.63359375 0.575 0.146875 0.146875
0 0.9484375 0.4046875 0.0984375 0.1734375
0 0.6890625 0.32265625 0.13203125 0.14453125
0 0.28359375 0.64921875 0.1734375 0.1515625
0 0.94453125 0.6484375 0.10546875 0.19296875
1 0.43515625 0.48515625 0.1390625 0.12734375
1 0.76796875 0.66171875 0.1421875 0.15625
0 0.61328125 0.91796875 0.178125 0.159375
0 0.85234375 0.07265625 0.15625 0.14453125
0 0.6875 0.0421875 0.134375 0.084375
0 0.28515625 0.96953125 0.17578125 0.05546875
0 0.94609375 0.96015625 0.1078125 0.075
1 0.7671875 0.9625 0.14453125 0.06953125