0 0.6828125 0.61328125 0.071875 0.09140625
0 0.89453125 0.53984375 0.0625 0.084375
0 0.4953125 0.61796875 0.08203125 0.10078125
0 0.7359375 0.58515625 0.0625 0.07421875
0 0.94609375 0.5265625 0.05546875 0.0765625
0 0.18359375 0.5109375 0.06015625 0.0796875
0 0.18125 0.60546875 0.06015625 0.0765625
0 0.61796875 0.53125 0.0578125 0.0671875
0 0.26796875 0.67421875 0.084375 0.12265625
0 0.7796875 0.509375 0.06015625 0.08671875
0 0.53359375 0.56484375 0.0671875 0.0671875
0 0.296875 0.5671875 0.05078125 0.0671875
0 0.55625 0.50703125 0.05078125 0.0578125
0 0.459375 0.47734375 0.0484375 0.06015625
0 0.4203125 0.55859375 0.053125 0.06015625
0 0.2671875 0.96171875 0.08671875 0.071875