0 0.5171875 0.33046875 0.0765625 0.09375
0 0.22578125 0.30625 0.071875 0.09375
0 0.33203125 0.27421875 0.08203125 0.10078125
0 0.4484375 0.33515625 0.05546875 0.06953125
0 0.36875 0.32578125 0.05078125 0.07421875
0 0.1453125 0.303125 0.0453125 0.071875
0 0.7125 0.29921875 0.05078125 0.06015625
0 0.10703125 0.29453125 0.0359375 0.0796875
0 0.08203125 0.29921875 0.03359375 0.05078125
0 0.05390625 0.29296875 0.021875 0.053125
0 0.2796875 0.31640625 0.05546875 0.06015625
0 0.225 0.0109375 0.07421875 0.021875
0 0.33046875 0.02890625 0.084375 0.0578125
0 0.146875 0.00703125 0.0484375 0.0140625
0 0.7140625 0.00625 0.053125 0.01171875
0 0.1078125 0.01328125 0.03828125 0.0265625
0 0.05546875 0.00703125 0.02421875 0.0140625