0 0.62890625 0.33984375 0.03125 0.0359375
0 0.56953125 0.2234375 0.03359375 0.03828125
0 0.365625 0.70703125 0.03828125 0.053125
0 0.27265625 0.80390625 0.0453125 0.05078125
0 0.234375 0.6578125 0.0453125 0.0453125
1 0.68359375 0.25 0.03125 0.04296875
1 0.453125 0.7234375 0.040625 0.04296875
1 0.27265625 0.74609375 0.040625 0.0453125
1 0.51953125 0.228125 0.02421875 0.03359375
1 0.40390625 0.20703125 0.03359375 0.03359375
0 0.56953125 0.0265625 0.03359375 0.03828125
0 0.27265625 0.9484375 0.0453125 0.05078125
1 0.6859375 0.01171875 0.034375 0.0234375
1 0.27421875 0.9890625 0.04296875 0.0171875
1 0.51953125 0.021875 0.02421875 0.03359375
1 0.40390625 0.04296875 0.03359375 0.03359375