0 0.13359375 0.35390625 0.06953125 0.0671875
0 0.38125 0.40859375 0.0453125 0.05546875
0 0.33515625 0.41328125 0.0359375 0.04609375
0 0.6296875 0.409375 0.04296875 0.053125
0 0.58046875 0.40625 0.040625 0.05078125
0 0.6921875 0.409375 0.03828125 0.0484375
0 0.7484375 0.40625 0.040625 0.05546875
0 0.828125 0.41328125 0.0359375 0.05546875
0 0.86640625 0.39296875 0.0453125 0.0578125
0 0.23671875 0.415625 0.0453125 0.05078125
0 0.0421875 0.42265625 0.0453125 0.06484375
0 0.1421875 0.4046875 0.03359375 0.053125
0 0.15859375 0.415625 0.03359375 0.06015625
0 0.13125 0.00703125 0.071875 0.0140625