0 0.4734375 0.42265625 0.0578125 0.06953125
0 0.3375 0.421875 0.05546875 0.07265625
0 0.228125 0.41796875 0.0578125 0.06953125
0 0.8921875 0.4328125 0.0484375 0.06484375
0 0.6890625 0.42890625 0.0453125 0.0578125
0 0.10703125 0.4046875 0.05546875 0.0671875
0 0.6234375 0.41796875 0.0453125 0.06953125
0 0.28125 0.4265625 0.03359375 0.03828125
1 0.5375 0.4265625 0.0359375 0.03828125
0 0.82109375 0.42421875 0.021875 0.03359375
0 0.7640625 0.4203125 0.04296875 0.05078125
0 0.19140625 0.42421875 0.0265625 0.03828125
0 0.040625 0.43359375 0.02890625 0.03359375