0 0.26796875 0.50234375 0.0453125 0.04609375
0 0.0265625 0.28515625 0.04296875 0.05546875
0 0.1625 0.259375 0.0359375 0.04609375
0 0.25625 0.2421875 0.0359375 0.0359375
0 0.3484375 0.2671875 0.03359375 0.04375
0 0.72578125 0.6 0.04296875 0.03828125
0 0.71484375 0.48671875 0.040625 0.03828125
0 0.78828125 0.51171875 0.04296875 0.0359375
0 0.0265625 0.04921875 0.04296875 0.05546875
0 0.1625 0.07578125 0.0359375 0.04609375
0 0.25625 0.09296875 0.0359375 0.0359375
0 0.3484375 0.06484375 0.03359375 0.04375