0 0.5453125 0.5203125 0.071875 0.08203125
0 0.15390625 0.4828125 0.071875 0.0796875
0 0.52265625 0.4625 0.040625 0.03828125
0 0.74375 0.46953125 0.040625 0.03828125
1 0.3390625 0.49296875 0.0625 0.05546875
1 0.39453125 0.4625 0.0578125 0.053125
1 0.46484375 0.47109375 0.05078125 0.04609375
1 0.64296875 0.478125 0.06015625 0.06015625
1 0.68046875 0.50234375 0.04296875 0.06015625
0 0.7078125 0.43828125 0.0359375 0.03359375
1 0.60703125 0.4265625 0.0265625 0.03359375
1 0.646875 0.415625 0.02890625 0.0359375
1 0.6734375 0.4203125 0.02421875 0.03125
1 0.53828125 0.4375 0.02890625 0.03125