0 0.74375 0.515625 0.06484375 0.07421875
1 0.3109375 0.5203125 0.05078125 0.06015625
1 0.86640625 0.521875 0.0453125 0.0625
1 0.4171875 0.5296875 0.0453125 0.05546875
1 0.24140625 0.521875 0.05078125 0.0578125
1 0.63828125 0.525 0.05078125 0.06015625
1 0.91328125 0.5296875 0.04296875 0.06484375
1 0.50390625 0.53515625 0.05078125 0.05546875
0 0.0265625 0.5203125 0.03359375 0.040625
0 0.171875 0.54296875 0.040625 0.04296875
1 0.6890625 0.56015625 0.03125 0.03828125
0 0.74296875 0.0140625 0.0671875 0.028125
0 0.74296875 0.96640625 0.0671875 0.0625
1 0.31015625 0.00859375 0.053125 0.0171875
1 0.31015625 0.96953125 0.0515625 0.0609375
1 0.865625 0.00859375 0.0484375 0.0171875
1 0.86640625 0.96640625 0.0453125 0.0625
1 0.4171875 0.96015625 0.0453125 0.05546875
1 0.240625 0.00703125 0.053125 0.0140625
1 0.24140625 0.96640625 0.05078125 0.0578125
1 0.63671875 0.00625 0.053125 0.01171875
1 0.63828125 0.96484375 0.05078125 0.06015625
1 0.91328125 0.96015625 0.04296875 0.06484375
1 0.50390625 0.95546875 0.05078125 0.05546875
0 0.0265625 0.9703125 0.03359375 0.040625
0 0.171875 0.94453125 0.040625 0.04296875
1 0.6890625 0.928125 0.03125 0.03828125