0 0.8109375 0.4375 0.06484375 0.0671875
0 0.1078125 0.4828125 0.04296875 0.0578125
1 0.06484375 0.48671875 0.0484375 0.06015625
0 0.103125 0.43515625 0.03359375 0.0484375
0 0.18359375 0.4703125 0.0265625 0.05078125
1 0.21640625 0.46640625 0.04296875 0.0484375
1 0.71484375 0.4390625 0.0453125 0.05078125
1 0.61640625 0.484375 0.0359375 0.0359375
1 0.5875 0.4703125 0.0265625 0.0453125
1 0.5625 0.4640625 0.03359375 0.053125
0 0.5046875 0.4578125 0.02890625 0.05546875
1 0.4734375 0.4546875 0.03828125 0.0578125
1 0.365625 0.47734375 0.0484375 0.06484375
1 0.428125 0.4640625 0.03359375 0.0578125
1 0.33671875 0.4640625 0.03359375 0.0578125