0 0.1140625 0.32890625 0.03125 0.04609375
0 0.296875 0.4671875 0.03125 0.03828125
0 0.43359375 0.3421875 0.021875 0.04375
0 0.83203125 0.4359375 0.03359375 0.03359375
0 0.6515625 0.48828125 0.03359375 0.0359375
0 0.5765625 0.38046875 0.03359375 0.03359375
0 0.459375 0.4015625 0.03359375 0.0265625
0 0.49296875 0.3640625 0.03359375 0.02890625
0 0.4953125 0.39296875 0.03359375 0.03828125
0 0.6578125 0.69296875 0.0265625 0.04609375
0 0.11328125 0.0046875 0.03359375 0.009375
0 0.65625 0.984375 0.02890625 0.0265625