0 0.33671875 0.46875 0.071875 0.08671875
0 0.9234375 0.4546875 0.071875 0.08203125
0 0.41015625 0.4234375 0.13203125 0.14453125
0 0.5609375 0.4375 0.0796875 0.10546875
0 0.67578125 0.4515625 0.115625 0.1203125
0 0.87734375 0.4546875 0.0578125 0.0671875
0 0.2078125 0.4703125 0.040625 0.0453125
0 0.17421875 0.45703125 0.0359375 0.0484375
0 0.28359375 0.4796875 0.0484375 0.05546875
0 0.92421875 0.01328125 0.07421875 0.0265625
0 0.40859375 0.04453125 0.134375 0.0890625
0 0.559375 0.02734375 0.08125 0.0546875
0 0.6765625 0.02421875 0.11796875 0.0484375
0 0.878125 0.009375 0.059375 0.01875