0 0.70703125 0.55390625 0.071875 0.07734375
0 0.60703125 0.525 0.06015625 0.07265625
0 0.478125 0.48671875 0.0484375 0.0625
0 0.271875 0.33984375 0.03359375 0.03828125
0 0.41796875 0.36953125 0.03828125 0.05078125
0 0.5 0.378125 0.04296875 0.04375
0 0.57578125 0.37734375 0.040625 0.040625
0 0.8546875 0.45390625 0.0453125 0.05546875
0 0.7828125 0.43515625 0.0453125 0.04609375
0 0.74765625 0.41796875 0.03828125 0.04609375
0 0.49375 0.34375 0.040625 0.04609375
0 0.35546875 0.34921875 0.03359375 0.03359375
0 0.625 0.38203125 0.03828125 0.04609375
0 0.65390625 0.384375 0.03359375 0.040625
0 0.59140625 0.34921875 0.03828125 0.03359375
0 0.603125 0.325 0.03359375 0.03359375
0 0.69609375 0.3953125 0.040625 0.03828125
0 0.775 0.3828125 0.0453125 0.04375
0 0.71171875 0.340625 0.03359375 0.03125
0 0.2203125 0.35078125 0.05078125 0.04609375
0 0.18359375 0.34453125 0.0359375 0.03828125
0 0.15625 0.3328125 0.03359375 0.03359375
0 0.134375 0.32265625 0.03359375 0.03359375
0 0.11640625 0.321875 0.0265625 0.03125
0 0.08203125 0.325 0.03359375 0.03359375
0 0.2234375 0.29609375 0.03359375 0.02890625
0 0.3921875 0.31953125 0.02421875 0.021875
0 0.95703125 0.40234375 0.04296875 0.0484375
0 0.86171875 0.30390625 0.0265625 0.03828125
0 0.28515625 0.278125 0.0265625 0.0265625
0 0.0359375 0.28203125 0.02890625 0.02890625
0 0.89296875 0.2953125 0.0265625 0.040625
0 0.9671875 0.35390625 0.040625 0.03359375
0 0.22734375 0.2671875 0.021875 0.02421875
0 0.7390625 0.3109375 0.021875 0.02421875
0 0.7078125 0.984375 0.07421875 0.0265625
0 0.271875 0.0984375 0.03359375 0.03828125
0 0.41796875 0.07109375 0.03828125 0.05078125
0 0.5 0.06015625 0.04296875 0.04375
0 0.57578125 0.0640625 0.040625 0.040625
0 0.85234375 0.00703125 0.0484375 0.0140625
0 0.78125 0.01484375 0.0484375 0.02890625
0 0.7484375 0.02265625 0.040625 0.0453125
0 0.49375 0.09765625 0.040625 0.04609375
0 0.35546875 0.0890625 0.03359375 0.03359375
0 0.625 0.059375 0.03828125 0.04609375
0 0.65390625 0.05625 0.03359375 0.040625
0 0.59140625 0.0890625 0.03828125 0.03359375
0 0.603125 0.11328125 0.03359375 0.03359375
0 0.69609375 0.04375 0.040625 0.03828125
0 0.775 0.05546875 0.0453125 0.04375
0 0.71171875 0.1 0.03359375 0.03125
0 0.2203125 0.090625 0.05078125 0.04609375
0 0.18359375 0.09375 0.0359375 0.03828125
0 0.15625 0.10625 0.03359375 0.03359375
0 0.134375 0.115625 0.03359375 0.03359375
0 0.11640625 0.11953125 0.0265625 0.03125
0 0.08203125 0.11328125 0.03359375 0.03359375
0 0.2234375 0.1421875 0.03359375 0.02890625
0 0.3921875 0.121875 0.02421875 0.021875
0 0.95703125 0.0359375 0.04296875 0.0484375
0 0.86171875 0.13515625 0.0265625 0.03828125
0 0.28515625 0.1625 0.0265625 0.0265625
0 0.0359375 0.15625 0.02890625 0.02890625
0 0.89296875 0.14609375 0.0265625 0.040625
0 0.9671875 0.084375 0.040625 0.03359375
0 0.22734375 0.17109375 0.021875 0.02421875
0 0.7390625 0.12734375 0.021875 0.02421875