0 0.56953125 0.3640625 0.071875 0.084375
0 0.2078125 0.30546875 0.06953125 0.10546875
0 0.396875 0.33515625 0.071875 0.0984375
0 0.31640625 0.3484375 0.05546875 0.071875
0 0.86875 0.36796875 0.09375 0.10546875
0 0.134375 0.29921875 0.10546875 0.12734375
1 0.70703125 0.3703125 0.053125 0.0671875
0 0.57109375 0.0203125 0.07421875 0.040625
0 0.2078125 0.05546875 0.06953125 0.10546875
0 0.39765625 0.03828125 0.07421875 0.0765625
0 0.31484375 0.025 0.0578125 0.05
0 0.86796875 0.02421875 0.09609375 0.0484375
0 0.1359375 0.0640625 0.1078125 0.12734375
1 0.7078125 0.01328125 0.05546875 0.0265625