0 0.634375 0.46015625 0.04296875 0.03828125
0 0.6984375 0.44375 0.040625 0.03828125
0 0.2546875 0.21328125 0.02890625 0.0265625
0 0.0453125 0.190625 0.03359375 0.03359375
0 0.1046875 0.1890625 0.0265625 0.03125
0 0.5796875 0.42421875 0.03359375 0.03359375
0 0.58671875 0.38828125 0.03359375 0.03359375
0 0.59375 0.309375 0.01953125 0.03125
0 0.64453125 0.375 0.03359375 0.03125
0 0.2546875 0.121875 0.02890625 0.0265625
0 0.0453125 0.1421875 0.03359375 0.03359375
0 0.1046875 0.14609375 0.0265625 0.03125
0 0.59375 0.025 0.01953125 0.03125