0 0.384375 0.340625 0.15859375 0.22421875
0 0.765625 0.284375 0.0984375 0.10625
0 0.59140625 0.33359375 0.15859375 0.2
0 0.14765625 0.38515625 0.25703125 0.29375
0 0.2921875 0.3015625 0.09375 0.1734375
0 0.89921875 0.28203125 0.2015625 0.2265625
0 0.38359375 0.053125 0.1609375 0.10625
0 0.76796875 0.0515625 0.1015625 0.103125
0 0.58984375 0.05078125 0.1609375 0.1015625
0 0.14921875 0.0484375 0.259375 0.09609375
0 0.29296875 0.06015625 0.09609375 0.1203125
0 0.89765625 0.0828125 0.2046875 0.165625