1 0.4640625 0.31171875 0.0671875 0.084375
1 0.303125 0.30859375 0.071875 0.09140625
1 0.69453125 0.3046875 0.071875 0.084375
1 0.17421875 0.3 0.0796875 0.09375
1 0.10234375 0.33359375 0.06484375 0.075
1 0.865625 0.31484375 0.0578125 0.084375
1 0.8421875 0.30703125 0.05078125 0.0796875
1 0.3765625 0.34609375 0.0453125 0.075
1 0.22265625 0.35078125 0.0359375 0.040625
1 0.43046875 0.33984375 0.03359375 0.0578125
1 0.5890625 0.30625 0.053125 0.07265625
1 0.634375 0.3109375 0.04296875 0.0578125
1 0.7953125 0.325 0.03359375 0.0484375
1 0.05546875 0.34375 0.03359375 0.06953125
1 0.46484375 0.0328125 0.06953125 0.06484375
1 0.303125 0.0359375 0.075 0.071875
1 0.6953125 0.0359375 0.075 0.071875
1 0.17265625 0.040625 0.0828125 0.08125
1 0.10078125 0.01953125 0.0671875 0.03828125
1 0.86640625 0.03125 0.06015625 0.0625
1 0.84140625 0.03359375 0.053125 0.0671875
1 0.375 0.01328125 0.0484375 0.0265625
1 0.43046875 0.01171875 0.0359375 0.0234375
1 0.58984375 0.0328125 0.05546875 0.06484375
1 0.6359375 0.0265625 0.0453125 0.053125
1 0.796875 0.0171875 0.0359375 0.03359375
1 0.05625 0.01328125 0.0359375 0.0265625