0 0.70703125 0.4203125 0.0671875 0.09140625
0 0.15234375 0.41953125 0.084375 0.09375
0 0.3921875 0.4015625 0.0625 0.08671875
0 0.9375 0.44921875 0.0671875 0.08671875
0 0.27421875 0.4125 0.053125 0.0796875
0 0.765625 0.44140625 0.05546875 0.06484375
0 0.584375 0.44375 0.0484375 0.06953125
0 0.48828125 0.40234375 0.053125 0.06953125
0 0.2203125 0.44453125 0.05078125 0.0671875
0 0.4390625 0.41953125 0.0359375 0.06015625
0 0.6265625 0.43125 0.0359375 0.06484375
0 0.90234375 0.42890625 0.05078125 0.06484375
0 0.84765625 0.43046875 0.0453125 0.0625