1 0.25859375 0.3359375 0.06484375 0.075
1 0.709375 0.31953125 0.0625 0.06953125
1 0.19609375 0.35625 0.06953125 0.08203125
1 0.609375 0.315625 0.06484375 0.08671875
1 0.50390625 0.278125 0.05546875 0.075
1 0.88125 0.325 0.06953125 0.09140625
1 0.08203125 0.33125 0.0578125 0.075
1 0.84375 0.28515625 0.053125 0.06953125
1 0.37734375 0.3328125 0.053125 0.07265625
1 0.4328125 0.33359375 0.0484375 0.06015625
1 0.2953125 0.3515625 0.02890625 0.0578125
1 0.25703125 0.01328125 0.0671875 0.0265625
1 0.71015625 0.0203125 0.06484375 0.040625
1 0.6078125 0.0265625 0.0671875 0.053125
1 0.50390625 0.046875 0.05546875 0.075
1 0.8796875 0.02265625 0.071875 0.0453125
1 0.0828125 0.015625 0.06015625 0.03125
1 0.84375 0.03984375 0.053125 0.06953125
1 0.37890625 0.01484375 0.05546875 0.02890625
1 0.43359375 0.0109375 0.05078125 0.021875