0 0.1265625 0.3421875 0.0796875 0.1015625
0 0.203125 0.38203125 0.06953125 0.0984375
0 0.4015625 0.31953125 0.03359375 0.0359375
0 0.3328125 0.315625 0.0359375 0.04375
0 0.28125 0.315625 0.03359375 0.04375
0 0.20546875 0.32265625 0.0265625 0.03359375
0 0.52890625 0.3265625 0.08203125 0.11328125
0 0.759375 0.30859375 0.0765625 0.1109375
1 0.83515625 0.33046875 0.0453125 0.0578125
1 0.9171875 0.3171875 0.07421875 0.0890625
0 0.125 0.021875 0.08203125 0.04375
0 0.40234375 0.0171875 0.0359375 0.03359375
0 0.33203125 0.0203125 0.03828125 0.040625
0 0.2828125 0.0203125 0.0359375 0.040625
0 0.2046875 0.01484375 0.02890625 0.02890625
0 0.5296875 0.0328125 0.084375 0.06484375
0 0.76015625 0.040625 0.0796875 0.08125
1 0.834375 0.0171875 0.0484375 0.03359375
1 0.915625 0.03125 0.0765625 0.0625