0 0.8890625 0.40859375 0.0625 0.071875
0 0.6421875 0.390625 0.0578125 0.06015625
0 0.35078125 0.37265625 0.0484375 0.0578125
0 0.56015625 0.3640625 0.053125 0.06015625
0 0.97265625 0.359375 0.05078125 0.09375
0 0.7828125 0.39296875 0.05078125 0.05546875
0 0.8328125 0.4 0.040625 0.0453125
0 0.1234375 0.40234375 0.0453125 0.05546875
0 0.0203125 0.37265625 0.0359375 0.08203125
0 0.04296875 0.3546875 0.03359375 0.040625
0 0.5265625 0.3796875 0.03359375 0.04296875
0 0.9578125 0.4046875 0.040625 0.05546875
0 0.12265625 0.3734375 0.03359375 0.040625
0 0.88828125 0.03125 0.06484375 0.0625
0 0.6421875 0.04453125 0.0578125 0.06015625
0 0.35078125 0.06015625 0.0484375 0.0578125
0 0.56015625 0.07109375 0.053125 0.06015625
0 0.97265625 0.07578125 0.05078125 0.09375
0 0.7828125 0.0421875 0.05078125 0.05546875
0 0.8328125 0.03515625 0.040625 0.0453125
0 0.1234375 0.0328125 0.0453125 0.05546875
0 0.0203125 0.06015625 0.0359375 0.08203125
0 0.04296875 0.08046875 0.03359375 0.040625
0 0.5265625 0.053125 0.03359375 0.04296875
0 0.9578125 0.0296875 0.040625 0.05546875
0 0.12265625 0.0609375 0.03359375 0.040625