0 0.3484375 0.31640625 0.1390625 0.18984375
0 0.60234375 0.31015625 0.07421875 0.08671875
0 0.6625 0.31875 0.0453125 0.05546875
0 0.76796875 0.3390625 0.0359375 0.03828125
0 0.80546875 0.31875 0.02890625 0.03125
0 0.81953125 0.3421875 0.03359375 0.03125
0 0.8578125 0.33203125 0.02890625 0.02421875
0 0.8734375 0.34375 0.0265625 0.02890625
0 0.02265625 0.2953125 0.021875 0.02890625
0 0.0640625 0.3078125 0.03125 0.03359375
0 0.34765625 0.0609375 0.1421875 0.121875
0 0.603125 0.03828125 0.0765625 0.0765625
0 0.66328125 0.0265625 0.0484375 0.053125
0 0.7703125 0.01171875 0.0375 0.0234375
0 0.80546875 0.025 0.02890625 0.03125
0 0.81875 0.00859375 0.0359375 0.0171875
0 0.8578125 0.01171875 0.03125 0.0234375
0 0.875 0.00703125 0.02890625 0.0140625
0 0.02265625 0.0453125 0.021875 0.02890625
0 0.0640625 0.03359375 0.03125 0.03359375