0 0.8296875 0.5625 0.02890625 0.0359375
0 0.7609375 0.5671875 0.03125 0.03125
0 0.321875 0.57734375 0.02421875 0.0265625
0 0.16953125 0.5828125 0.03125 0.03828125
0 0.19609375 0.58515625 0.021875 0.03359375
0 0.53515625 0.57734375 0.0265625 0.0265625
0 0.828125 0.98828125 0.03125 0.01953125
0 0.76171875 0.98671875 0.03359375 0.021875
0 0.321875 0.984375 0.02421875 0.0265625
0 0.16953125 0.97578125 0.03125 0.03828125
0 0.19609375 0.9734375 0.021875 0.03359375
0 0.53515625 0.984375 0.0265625 0.0265625