1 0.11875 0.4171875 0.084375 0.08671875
1 0.35 0.41484375 0.05546875 0.07265625
1 0.4640625 0.42890625 0.0625 0.07265625
1 0.2296875 0.41328125 0.06015625 0.06484375
1 0.40625 0.42890625 0.0484375 0.0625
1 0.6875 0.42265625 0.0484375 0.06484375
1 0.81015625 0.440625 0.053125 0.0671875
1 0.9734375 0.4625 0.0484375 0.07265625
1 0.7359375 0.44609375 0.0484375 0.0578125
1 0.6515625 0.43515625 0.04296875 0.05546875
1 0.5953125 0.42734375 0.040625 0.04609375
1 0.0328125 0.415625 0.03125 0.04609375
1 0.31484375 0.41953125 0.03359375 0.0484375
1 0.27734375 0.42421875 0.03125 0.0484375
1 0.12109375 0.0359375 0.0859375 0.071875
1 0.35078125 0.03359375 0.0578125 0.0671875
1 0.4625 0.0265625 0.06484375 0.053125
1 0.23046875 0.0328125 0.0625 0.06484375
1 0.4046875 0.02421875 0.05078125 0.0484375
1 0.68671875 0.02734375 0.0515625 0.0546875
1 0.80859375 0.01953125 0.05546875 0.03828125
1 0.9734375 0.009375 0.05 0.01875
1 0.734375 0.01484375 0.05078125 0.02890625
1 0.65 0.01953125 0.0453125 0.03828125
1 0.59609375 0.0203125 0.04296875 0.040625
1 0.0328125 0.03046875 0.03125 0.04609375
1 0.31484375 0.02421875 0.03359375 0.0484375
1 0.2796875 0.02265625 0.034375 0.0453125