0 0.2828125 0.3546875 0.0796875 0.09375
0 0.69140625 0.3640625 0.0984375 0.0890625
0 0.4125 0.33671875 0.0453125 0.0578125
0 0.43984375 0.328125 0.02890625 0.040625
0 0.37109375 0.33671875 0.040625 0.0578125
0 0.53515625 0.35546875 0.021875 0.03359375
1 0.05078125 0.3390625 0.02890625 0.03359375
0 0.33046875 0.3390625 0.0265625 0.03828125
0 0.28359375 0.01328125 0.08203125 0.0265625
0 0.41328125 0.01328125 0.0484375 0.0265625
0 0.4390625 0.01328125 0.03125 0.0265625
0 0.37265625 0.01328125 0.04296875 0.0265625
1 0.04921875 0.00625 0.03125 0.01171875
0 0.33203125 0.00703125 0.02890625 0.0140625