1 0.27890625 0.54921875 0.053125 0.08203125
1 0.4984375 0.559375 0.0453125 0.0578125
1 0.0421875 0.52890625 0.05078125 0.06953125
1 0.23828125 0.5640625 0.04296875 0.0625
1 0.15 0.546875 0.05546875 0.0578125
1 0.08203125 0.55078125 0.03828125 0.05078125
1 0.3953125 0.53828125 0.03125 0.040625
1 0.453125 0.5515625 0.0359375 0.053125
1 0.56953125 0.54375 0.04296875 0.04609375
1 0.68515625 0.54375 0.04296875 0.05546875
1 0.771875 0.5515625 0.03828125 0.04375
1 0.83515625 0.5359375 0.03125 0.040625
1 0.9640625 0.54375 0.04296875 0.05546875
1 0.91015625 0.5625 0.040625 0.05078125
1 0.41953125 0.55078125 0.0171875 0.03125