0 0.915625 0.35546875 0.0671875 0.08203125
0 0.59765625 0.37265625 0.040625 0.053125
1 0.7875 0.40234375 0.06484375 0.0796875
1 0.459375 0.36328125 0.0671875 0.08203125
1 0.046875 0.3578125 0.0796875 0.09140625
1 0.35703125 0.37109375 0.05546875 0.07421875
1 0.65390625 0.4078125 0.0578125 0.07421875
1 0.109375 0.384375 0.05078125 0.0671875
0 0.62890625 0.37109375 0.0359375 0.05546875
0 0.2296875 0.3546875 0.040625 0.05546875
0 0.27890625 0.365625 0.04296875 0.0578125
0 0.415625 0.33671875 0.04296875 0.0625
0 0.31875 0.34375 0.05546875 0.0671875