1 0.83515625 0.43125 0.084375 0.08203125
1 0.7390625 0.37265625 0.05546875 0.075
1 0.1921875 0.36953125 0.1203125 0.12265625
1 0.46875 0.39375 0.0578125 0.06484375
1 0.3125 0.39609375 0.053125 0.06484375
1 0.790625 0.39609375 0.053125 0.06484375
1 0.134375 0.340625 0.053125 0.09375
1 0.3859375 0.4203125 0.03125 0.04609375
1 0.5375 0.40703125 0.040625 0.0578125
1 0.6109375 0.421875 0.071875 0.08203125
1 0.58203125 0.38203125 0.0578125 0.06953125
1 0.65859375 0.41953125 0.03359375 0.04375
1 0.19375 0.01328125 0.12265625 0.0265625
1 0.1359375 0.0203125 0.05546875 0.040625