0 0.7203125 0.296875 0.0890625 0.0984375
1 0.44453125 0.2671875 0.0671875 0.10078125
1 0.2984375 0.2765625 0.0671875 0.09609375
1 0.91953125 0.27734375 0.09375 0.11328125
1 0.15625 0.2453125 0.09609375 0.1296875
1 0.55859375 0.2609375 0.0796875 0.103125
1 0.8765625 0.27734375 0.06484375 0.09375
1 0.50703125 0.2765625 0.0578125 0.0765625
1 0.2171875 0.2875 0.06015625 0.084375
1 0.44609375 0.0203125 0.06953125 0.040625
1 0.2984375 0.0140625 0.06875 0.028125
1 0.91796875 0.01796875 0.09609375 0.0359375
1 0.1578125 0.03828125 0.0984375 0.0765625
1 0.5578125 0.02421875 0.08203125 0.0484375
1 0.875 0.01328125 0.0671875 0.0265625
1 0.5078125 0.009375 0.059375 0.01875