1 0.71640625 0.33046875 0.1390625 0.159375
1 0.32578125 0.34375 0.1421875 0.16171875
1 0.09765625 0.36875 0.11328125 0.13515625
1 0.51953125 0.38046875 0.0578125 0.08203125
1 0.44140625 0.3359375 0.09375 0.12265625
1 0.60234375 0.3953125 0.06953125 0.10625
1 0.646875 0.40703125 0.03828125 0.07265625
1 0.9484375 0.38671875 0.09375 0.17109375
1 0.71484375 0.0421875 0.1421875 0.084375
1 0.32734375 0.0359375 0.1453125 0.071875
1 0.0984375 0.0171875 0.115625 0.03359375
1 0.4421875 0.03046875 0.09609375 0.06015625
1 0.94921875 0.0171875 0.09609375 0.03359375