0 0.1140625 0.3078125 0.0796875 0.10078125
0 0.1984375 0.35 0.05546875 0.06953125
0 0.23828125 0.35234375 0.04296875 0.06015625
0 0.28515625 0.3140625 0.0796875 0.11796875
0 0.44453125 0.3328125 0.0625 0.07421875
0 0.55625 0.33671875 0.06953125 0.115625
0 0.50703125 0.33671875 0.0484375 0.08203125
0 0.74375 0.29921875 0.09375 0.11796875
0 0.703125 0.33671875 0.03125 0.071875
0 0.78515625 0.33671875 0.0453125 0.08671875
0 0.83203125 0.3578125 0.04296875 0.0625
0 0.9015625 0.36875 0.08203125 0.11796875
0 0.96640625 0.3484375 0.04296875 0.053125