0 0.29296875 0.4203125 0.0671875 0.09140625
0 0.84765625 0.41953125 0.084375 0.09375
0 0.6078125 0.4015625 0.0625 0.08671875
0 0.0625 0.44921875 0.0671875 0.08671875
0 0.72578125 0.4125 0.053125 0.0796875
0 0.234375 0.44140625 0.05546875 0.06484375
0 0.415625 0.44375 0.0484375 0.06953125
0 0.51171875 0.40234375 0.053125 0.06953125
0 0.7796875 0.44453125 0.05078125 0.0671875
0 0.5609375 0.41953125 0.0359375 0.06015625
0 0.3734375 0.43125 0.0359375 0.06484375
0 0.09765625 0.42890625 0.05078125 0.06484375
0 0.15234375 0.43046875 0.0453125 0.0625