0 0.47578125 0.703125 0.03828125 0.0359375
0 0.4203125 0.6875 0.03359375 0.03828125
0 0.35703125 0.696875 0.040625 0.0484375
1 0.3171875 0.76328125 0.0578125 0.05078125
2 0.31484375 0.78125 0.134375 0.09140625
2 0.490625 0.75234375 0.0671875 0.14921875
2 0.4234375 0.74765625 0.0765625 0.15859375
2 0.35078125 0.74375 0.071875 0.13203125
0 0.47578125 0.9578125 0.03828125 0.0359375
0 0.4203125 0.97109375 0.03359375 0.03828125
0 0.35703125 0.96171875 0.040625 0.0484375
1 0.3171875 0.89765625 0.0578125 0.05078125
2 0.31484375 0.87734375 0.134375 0.09140625
2 0.490625 0.90625 0.0671875 0.14921875
2 0.4234375 0.9109375 0.0765625 0.15859375
2 0.35078125 0.9171875 0.071875 0.13203125