0 0.66328125 0.4625 0.0484375 0.07421875
1 0.1765625 0.4328125 0.11328125 0.1296875
1 0.603125 0.45078125 0.0578125 0.07421875
1 0.40625 0.41484375 0.1109375 0.13671875
1 0.4953125 0.459375 0.0671875 0.09609375
1 0.8078125 0.3609375 0.196875 0.23046875
1 0.70703125 0.4625 0.0765625 0.084375
1 0.0640625 0.4703125 0.06015625 0.06953125
1 0.28359375 0.45703125 0.08671875 0.1109375
1 0.33203125 0.43515625 0.0484375 0.0765625
1 0.178125 0.03359375 0.115625 0.0671875
1 0.60234375 0.0109375 0.06015625 0.021875
1 0.4046875 0.04453125 0.11328125 0.0890625
1 0.49453125 0.01171875 0.0703125 0.0234375
1 0.80625 0.0953125 0.19921875 0.18984375
1 0.2828125 0.0171875 0.0890625 0.03359375
1 0.33046875 0.01953125 0.05078125 0.03828125