0 0.40390625 0.3828125 0.0578125 0.08203125
0 0.96875 0.3953125 0.053125 0.08203125
0 0.79453125 0.384375 0.05078125 0.075
0 0.3375 0.3890625 0.05546875 0.06953125
0 0.74140625 0.40234375 0.0453125 0.07265625
0 0.1546875 0.65546875 0.07421875 0.07265625
1 0.16953125 0.38203125 0.06953125 0.0796875
1 0.6609375 0.3984375 0.0484375 0.06953125
0 0.49140625 0.40859375 0.05546875 0.075
0 0.6140625 0.3984375 0.040625 0.06953125
1 0.53359375 0.40234375 0.04296875 0.0578125
0 0.15390625 0.98828125 0.0765625 0.01953125