0 0.6515625 0.31640625 0.1390625 0.18984375
0 0.39765625 0.31015625 0.07421875 0.08671875
0 0.3375 0.31875 0.0453125 0.05546875
0 0.23203125 0.3390625 0.0359375 0.03828125
0 0.19453125 0.31875 0.02890625 0.03125
0 0.18046875 0.3421875 0.03359375 0.03125
0 0.1421875 0.33203125 0.02890625 0.02421875
0 0.1265625 0.34375 0.0265625 0.02890625
0 0.97734375 0.2953125 0.021875 0.02890625
0 0.9359375 0.3078125 0.03125 0.03359375
0 0.65234375 0.0609375 0.1421875 0.121875
0 0.396875 0.03828125 0.0765625 0.0765625
0 0.33671875 0.0265625 0.0484375 0.053125
0 0.2296875 0.01171875 0.0375 0.0234375
0 0.19453125 0.025 0.02890625 0.03125
0 0.18125 0.00859375 0.0359375 0.0171875
0 0.1421875 0.01171875 0.03125 0.0234375
0 0.125 0.00703125 0.02890625 0.0140625
0 0.97734375 0.0453125 0.021875 0.02890625
0 0.9359375 0.03359375 0.03125 0.03359375