0 0.73671875 0.3421875 0.09375 0.11328125
0 0.83515625 0.37890625 0.05546875 0.084375
1 0.22265625 0.34375 0.103125 0.1296875
1 0.15625 0.390625 0.0625 0.06484375
1 0.4359375 0.4 0.05546875 0.06015625
1 0.5984375 0.4 0.053125 0.06015625
1 0.296875 0.37109375 0.0453125 0.06484375
1 0.88125 0.3703125 0.06015625 0.0765625
0 0.73671875 0.0921875 0.09375 0.11328125
0 0.83515625 0.05625 0.05546875 0.084375
1 0.22265625 0.0890625 0.103125 0.1296875
1 0.15625 0.04453125 0.0625 0.06484375
1 0.4359375 0.03515625 0.05546875 0.06015625
1 0.5984375 0.03515625 0.053125 0.06015625
1 0.296875 0.0640625 0.0453125 0.06484375
1 0.88125 0.0625 0.06015625 0.0765625