0 0.10078125 0.43828125 0.03359375 0.0484375
0 0.25625 0.43515625 0.07421875 0.0890625
0 0.36875 0.43125 0.0796875 0.08671875
1 0.48203125 0.4359375 0.05546875 0.0671875
1 0.16796875 0.421875 0.0484375 0.0578125
1 0.0515625 0.42265625 0.0453125 0.06484375
1 0.84609375 0.48671875 0.04296875 0.0578125
1 0.72265625 0.45078125 0.06015625 0.0625
1 0.65390625 0.4734375 0.03828125 0.05078125
1 0.603125 0.4671875 0.0625 0.0625
1 0.56640625 0.48515625 0.0359375 0.06015625
1 0.51796875 0.48046875 0.040625 0.05546875
0 0.10234375 0.015625 0.0359375 0.03125
0 0.25390625 0.02734375 0.0765625 0.0546875
0 0.36796875 0.02890625 0.08203125 0.0578125
1 0.48046875 0.021875 0.0578125 0.04375
1 0.16953125 0.0265625 0.05078125 0.053125
1 0.05078125 0.02734375 0.0484375 0.0546875
1 0.72109375 0.01328125 0.0625 0.0265625