0 0.77890625 0.646875 0.071875 0.0765625
0 0.77890625 0.54453125 0.0578125 0.06484375
0 0.7078125 0.38203125 0.03125 0.053125
0 0.6515625 0.6109375 0.0484375 0.053125
0 0.51796875 0.52734375 0.040625 0.0453125
0 0.49765625 0.5015625 0.04296875 0.0453125
0 0.44140625 0.53828125 0.05078125 0.04296875
0 0.07421875 0.29296875 0.03828125 0.0671875
0 0.103125 0.31953125 0.03359375 0.0484375
0 0.12265625 0.30625 0.03359375 0.05078125
1 0.0421875 0.3078125 0.0453125 0.0578125
1 0.0265625 0.375 0.03828125 0.0578125