0 0.33203125 0.29765625 0.0484375 0.05078125
0 0.67421875 0.27265625 0.05078125 0.0625
0 0.1390625 0.31328125 0.03828125 0.0578125
0 0.209375 0.3359375 0.03359375 0.04609375
0 0.228125 0.31484375 0.02890625 0.040625
0 0.83203125 0.378125 0.0625 0.08671875
0 0.69921875 0.28203125 0.03359375 0.0578125
0 0.60078125 0.29609375 0.04296875 0.0578125
0 0.43984375 0.309375 0.04296875 0.06015625
0 0.4859375 0.325 0.0484375 0.0578125
0 0.5375 0.3203125 0.021875 0.03359375
0 0.08203125 0.30859375 0.04296875 0.053125
0 0.01328125 0.3046875 0.021875 0.05546875
0 0.33203125 0.0375 0.0484375 0.05078125
0 0.67421875 0.06015625 0.05078125 0.0625
0 0.140625 0.025 0.040625 0.05
0 0.21015625 0.0109375 0.0359375 0.021875
0 0.2296875 0.0203125 0.03125 0.040625
0 0.69921875 0.05078125 0.03359375 0.0578125
0 0.60078125 0.0359375 0.04296875 0.0578125
0 0.44140625 0.02734375 0.0453125 0.0546875
0 0.48671875 0.01953125 0.05078125 0.03828125
0 0.5359375 0.015625 0.02421875 0.03125
0 0.0828125 0.0265625 0.0453125 0.053125
0 0.01328125 0.03046875 0.021875 0.05546875