0 0.453125 0.5453125 0.0984375 0.09609375
0 0.6265625 0.29921875 0.11328125 0.11796875
0 0.68359375 0.2515625 0.06015625 0.06953125
0 0.3484375 0.46484375 0.08203125 0.084375
0 0.4828125 0.2515625 0.053125 0.06953125
0 0.3265625 0.515625 0.09609375 0.0890625
1 0.21171875 0.33671875 0.071875 0.08671875
1 0.51796875 0.3140625 0.06484375 0.0796875
1 0.76328125 0.24609375 0.06953125 0.09375
1 0.54296875 0.26328125 0.0484375 0.05078125
1 0.91484375 0.19609375 0.0453125 0.0453125
0 0.625 0.0375 0.115625 0.07421875
0 0.68359375 0.0640625 0.06015625 0.06953125
0 0.4828125 0.0640625 0.053125 0.06953125
1 0.2125 0.0109375 0.07421875 0.021875
1 0.5171875 0.0203125 0.0671875 0.040625
1 0.76328125 0.06875 0.06953125 0.09375
1 0.54296875 0.0515625 0.0484375 0.05078125
1 0.91484375 0.11875 0.0453125 0.0453125