1 0.09609375 0.34609375 0.16328125 0.18046875
0 0.2046875 0.37109375 0.10546875 0.14453125
0 0.35234375 0.38203125 0.06484375 0.0890625
0 0.48203125 0.3640625 0.084375 0.1109375
0 0.71015625 0.3734375 0.06953125 0.09609375
0 0.59609375 0.3984375 0.0625 0.06953125
0 0.8765625 0.36484375 0.09375 0.10859375
0 0.9546875 0.3890625 0.08203125 0.0984375
1 0.09765625 0.03984375 0.165625 0.0796875
0 0.20546875 0.01796875 0.1078125 0.0359375
0 0.48046875 0.01328125 0.08671875 0.0265625
0 0.87421875 0.01171875 0.0953125 0.0234375