1 0.03359375 0.5109375 0.03359375 0.04375
1 0.1140625 0.52421875 0.021875 0.0265625
1 0.1921875 0.521875 0.0140625 0.0265625
1 0.15234375 0.51484375 0.040625 0.05546875
1 0.30078125 0.4890625 0.03828125 0.053125
1 0.34765625 0.4796875 0.03125 0.03828125
1 0.33046875 0.49375 0.021875 0.03359375
1 0.38671875 0.484375 0.03359375 0.03359375
1 0.44921875 0.490625 0.03359375 0.04609375
1 0.4953125 0.478125 0.053125 0.06484375
1 0.859375 0.44609375 0.0359375 0.04375
1 0.65234375 0.459375 0.0453125 0.05546875