0 0.3859375 0.58828125 0.06015625 0.0625
0 0.9125 0.58828125 0.06484375 0.0625
0 0.1265625 0.58046875 0.06953125 0.053125
0 0.7171875 0.6 0.06015625 0.0625
0 0.85234375 0.615625 0.084375 0.075
0 0.27421875 0.62265625 0.0578125 0.05546875
0 0.78359375 0.63046875 0.03359375 0.05078125
0 0.7671875 0.54609375 0.03359375 0.040625
0 0.6875 0.55546875 0.03828125 0.03125
0 0.384375 0.97109375 0.0625 0.053125
0 0.9109375 0.97109375 0.0671875 0.053125
0 0.125 0.97734375 0.071875 0.040625
0 0.7171875 0.9640625 0.06015625 0.0625
0 0.85234375 0.95078125 0.084375 0.075
0 0.27421875 0.94375 0.0578125 0.05546875
0 0.78359375 0.9359375 0.03359375 0.05078125