1 0.08671875 0.4515625 0.04296875 0.0484375
1 0.15 0.4328125 0.05546875 0.0578125
1 0.2671875 0.4390625 0.04296875 0.05078125
1 0.63125 0.44453125 0.06015625 0.071875
1 0.87734375 0.47265625 0.115625 0.1078125
1 0.821875 0.45703125 0.03359375 0.04296875
1 0.765625 0.44609375 0.0453125 0.06015625
1 0.70078125 0.4578125 0.0359375 0.040625
1 0.5921875 0.446875 0.0359375 0.0625
1 0.546875 0.46640625 0.05078125 0.0625
1 0.5171875 0.4671875 0.03359375 0.040625
1 0.4640625 0.453125 0.0578125 0.06015625
1 0.35546875 0.44609375 0.053125 0.05078125