0 0.26796875 0.3171875 0.06484375 0.0890625
0 0.21484375 0.315625 0.05546875 0.07265625
0 0.5109375 0.33515625 0.06953125 0.08671875
0 0.71484375 0.31328125 0.0796875 0.1015625
0 0.41484375 0.3203125 0.06953125 0.09140625
0 0.36796875 0.33046875 0.0484375 0.08203125
2 0.06484375 0.50234375 0.1296875 0.546875
2 0.734375 0.525 0.12265625 0.525
2 0.52890625 0.540625 0.125 0.49375
2 0.37890625 0.5578125 0.18515625 0.5515625
2 0.2546875 0.49140625 0.1203125 0.42890625
2 0.19453125 0.478125 0.10546875 0.39296875
0 0.2671875 0.03125 0.0671875 0.0625
0 0.21328125 0.02734375 0.0578125 0.0546875
0 0.509375 0.021875 0.071875 0.04375
0 0.71328125 0.0359375 0.0828125 0.071875
0 0.41328125 0.03046875 0.071875 0.06015625
0 0.36796875 0.02265625 0.0515625 0.0453125
2 0.7328125 0.93984375 0.125 0.115625
2 0.5296875 0.93984375 0.12734375 0.115625
2 0.37734375 0.9171875 0.1875 0.16171875