1 0.10234375 0.37265625 0.06953125 0.0984375
1 0.67578125 0.3734375 0.08203125 0.09609375
1 0.44140625 0.37109375 0.06953125 0.09140625
1 0.9578125 0.3578125 0.06953125 0.11796875
1 0.1671875 0.409375 0.11328125 0.14921875
1 0.8796875 0.38828125 0.1203125 0.14453125
1 0.5140625 0.390625 0.08671875 0.10625
1 0.75703125 0.3328125 0.10546875 0.14453125
1 0.29453125 0.37109375 0.09375 0.13046875
1 0.62265625 0.36953125 0.0578125 0.06953125
1 0.3609375 0.37734375 0.0484375 0.075
1 0.959375 0.01796875 0.071875 0.0359375
1 0.75625 0.0375 0.1078125 0.075
1 0.2953125 0.01484375 0.09609375 0.02890625