0 0.0875 0.3375 0.0453125 0.05546875
1 0.18359375 0.31875 0.05078125 0.05078125
1 0.30546875 0.30625 0.0578125 0.06015625
1 0.2328125 0.33046875 0.03828125 0.0453125
1 0.4203125 0.33046875 0.04296875 0.0453125
1 0.475 0.3390625 0.03125 0.03359375
1 0.571875 0.28359375 0.08203125 0.08671875
1 0.61171875 0.2953125 0.040625 0.0484375
1 0.875 0.3375 0.1109375 0.11328125
0 0.08671875 0.0171875 0.0484375 0.03359375
1 0.1828125 0.025 0.053125 0.05
1 0.30546875 0.0375 0.0578125 0.06015625
1 0.234375 0.01796875 0.040625 0.0359375
1 0.421875 0.01796875 0.0453125 0.0359375
1 0.4734375 0.0109375 0.03359375 0.021875
1 0.571875 0.0578125 0.08203125 0.08671875
1 0.61171875 0.0453125 0.040625 0.0484375
1 0.8765625 0.03125 0.11328125 0.0625