0 0.94140625 0.37109375 0.11328125 0.13515625
0 0.740625 0.4046875 0.10546875 0.1203125
0 0.3078125 0.56875 0.0671875 0.07734375
1 0.20078125 0.40390625 0.07421875 0.09375
1 0.384375 0.3953125 0.08203125 0.1015625
1 0.57578125 0.3890625 0.0796875 0.10390625
1 0.5140625 0.40859375 0.0671875 0.09375
1 0.03125 0.41328125 0.0578125 0.10859375
1 0.16796875 0.44453125 0.04296875 0.06953125
0 0.80859375 0.5953125 0.06015625 0.08203125
1 0.8859375 0.41484375 0.06484375 0.10625
0 0.93984375 0.04921875 0.115625 0.0984375
0 0.74140625 0.02890625 0.1078125 0.0578125
1 0.19921875 0.02265625 0.0765625 0.0453125
1 0.3859375 0.02890625 0.084375 0.0578125
1 0.57421875 0.0328125 0.08203125 0.06484375
1 0.515625 0.0203125 0.06953125 0.040625
1 0.0328125 0.021875 0.06015625 0.04375
0 0.8078125 0.98203125 0.0625 0.03125
1 0.884375 0.0203125 0.0671875 0.040625