0 0.6703125 0.45625 0.1203125 0.11796875
0 0.775 0.2109375 0.13203125 0.1328125
0 0.6515625 0.57109375 0.10546875 0.115625
0 0.6890625 0.70390625 0.12734375 0.13046875
0 0.62109375 0.22734375 0.12265625 0.1421875
2 0.23828125 0.49765625 0.4515625 0.70625
2 0.6265625 0.75390625 0.271875 0.20234375
2 0.63671875 0.59296875 0.22109375 0.14921875
2 0.79921875 0.62734375 0.36796875 0.440625
2 0.5296875 0.309375 0.30546875 0.3203125
2 0.7234375 0.27265625 0.23046875 0.26015625
0 0.1578125 0.21328125 0.24765625 0.1375
0 0.775 0.07578125 0.13203125 0.1328125
0 0.6875 0.9734375 0.1296875 0.0484375
0 0.6203125 0.06484375 0.125 0.1296875
2 0.2390625 0.07109375 0.4546875 0.1421875
2 0.625 0.93046875 0.27421875 0.13515625
2 0.7984375 0.93359375 0.3703125 0.12734375
2 0.52890625 0.06875 0.3078125 0.1375
2 0.725 0.07265625 0.2328125 0.14453125
0 0.1578125 0.0734375 0.24765625 0.1375