0 0.8234375 0.259375 0.1703125 0.18046875
1 0.08671875 0.2828125 0.071875 0.09375
1 0.6671875 0.27578125 0.06953125 0.09375
1 0.14765625 0.30234375 0.09375 0.11796875
1 0.49765625 0.28046875 0.1109375 0.12265625
1 0.43125 0.26484375 0.07421875 0.10625
1 0.93515625 0.2796875 0.0578125 0.07265625
1 0.709375 0.275 0.03828125 0.07734375
1 0.58671875 0.2671875 0.0625 0.07265625
0 0.82109375 0.0828125 0.1734375 0.165625
1 0.08671875 0.0515625 0.071875 0.09375
1 0.6671875 0.059375 0.06953125 0.09375
1 0.146875 0.04609375 0.09609375 0.09140625
1 0.4984375 0.0578125 0.11328125 0.115625
1 0.43125 0.0671875 0.07421875 0.10625
1 0.93515625 0.053125 0.0578125 0.07265625
1 0.709375 0.0578125 0.03828125 0.07734375
1 0.58671875 0.06484375 0.0625 0.07265625