0 0.19453125 0.43359375 0.0484375 0.0578125
0 0.7640625 0.43515625 0.04296875 0.05078125
0 0.13125 0.415625 0.05078125 0.06015625
0 0.2953125 0.425 0.03828125 0.05546875
0 0.37890625 0.4328125 0.040625 0.05546875
0 0.4171875 0.440625 0.03125 0.04375
0 0.4796875 0.4421875 0.0265625 0.0359375
0 0.509375 0.42890625 0.03359375 0.0484375
0 0.5453125 0.4375 0.02421875 0.05078125
0 0.57421875 0.42734375 0.03828125 0.05546875
0 0.6078125 0.440625 0.03359375 0.0484375
0 0.671875 0.4359375 0.040625 0.053125
0 0.7203125 0.43515625 0.040625 0.05078125