0 0.72265625 0.4734375 0.07421875 0.06953125
0 0.3296875 0.30390625 0.0578125 0.053125
0 0.4265625 0.2890625 0.05078125 0.0625
0 0.33203125 0.1671875 0.04296875 0.05546875
0 0.62734375 0.16640625 0.0484375 0.0578125
0 0.8078125 0.48671875 0.0578125 0.0671875
1 0.1625 0.28203125 0.040625 0.04375
1 0.04296875 0.18203125 0.02421875 0.04609375
1 0.8453125 0.3 0.040625 0.04609375
1 0.796875 0.24921875 0.040625 0.04609375
1 0.734375 0.22734375 0.0453125 0.05078125
1 0.609375 0.4484375 0.05546875 0.0484375
1 0.49765625 0.36953125 0.0578125 0.04609375
1 0.58671875 0.37578125 0.0578125 0.0484375
1 0.2953125 0.1984375 0.04296875 0.040625
1 0.41796875 0.18203125 0.03359375 0.04609375
1 0.4484375 0.175 0.0359375 0.04609375
1 0.48046875 0.184375 0.03359375 0.04609375
1 0.5171875 0.178125 0.03359375 0.04375
1 0.55859375 0.16015625 0.05078125 0.05546875
0 0.3328125 0.015625 0.0453125 0.03125
0 0.62890625 0.0171875 0.05078125 0.03359375
1 0.04453125 0.00625 0.0265625 0.01171875
1 0.41953125 0.00625 0.0359375 0.01171875
1 0.44609375 0.009375 0.0390625 0.01875
1 0.48203125 0.0046875 0.0359375 0.009375
1 0.51796875 0.00703125 0.0359375 0.0140625
1 0.5578125 0.01953125 0.053125 0.03828125