0 0.084375 0.4203125 0.04296875 0.0671875
1 0.4734375 0.42890625 0.0578125 0.07421875
1 0.89296875 0.47265625 0.06953125 0.06484375
1 0.74375 0.45078125 0.05546875 0.06953125
1 0.6 0.43515625 0.06015625 0.071875
1 0.396875 0.44921875 0.0484375 0.0625
1 0.321875 0.42421875 0.0484375 0.06484375
1 0.34765625 0.4734375 0.05078125 0.0578125
1 0.553125 0.44921875 0.03359375 0.053125
1 0.6734375 0.4578125 0.03828125 0.040625
1 0.83671875 0.46484375 0.03828125 0.0453125
0 0.01953125 0.4390625 0.03359375 0.06953125
0 0.05390625 0.44453125 0.03125 0.053125
1 0.26953125 0.44609375 0.02421875 0.040625