0 0.60078125 0.5046875 0.134375 0.12734375
1 0.9234375 0.509375 0.1296875 0.1375
1 0.7515625 0.51171875 0.1078125 0.11796875
1 0.96015625 0.42890625 0.06484375 0.0625
1 0.36796875 0.515625 0.04296875 0.0578125
1 0.20078125 0.59140625 0.06953125 0.075
0 0.20078125 0.48203125 0.021875 0.03359375
1 0.26796875 0.53359375 0.040625 0.04609375
1 0.2234375 0.540625 0.0484375 0.04609375
1 0.09140625 0.49609375 0.03359375 0.04375
1 0.1828125 0.5015625 0.02890625 0.03359375
1 0.2484375 0.49140625 0.0265625 0.02890625