0 0.4546875 0.5203125 0.071875 0.08203125
0 0.84609375 0.4828125 0.071875 0.0796875
0 0.47734375 0.4625 0.040625 0.03828125
0 0.25625 0.46953125 0.040625 0.03828125
1 0.6609375 0.49296875 0.0625 0.05546875
1 0.60546875 0.4625 0.0578125 0.053125
1 0.53515625 0.47109375 0.05078125 0.04609375
1 0.35703125 0.478125 0.06015625 0.06015625
1 0.31953125 0.50234375 0.04296875 0.06015625
0 0.2921875 0.43828125 0.0359375 0.03359375
1 0.39296875 0.4265625 0.0265625 0.03359375
1 0.353125 0.415625 0.02890625 0.0359375
1 0.3265625 0.4203125 0.02421875 0.03125
1 0.46171875 0.4375 0.02890625 0.03125