0 0.475 0.3359375 0.06953125 0.09375
0 0.65390625 0.34375 0.08203125 0.0890625
0 0.14296875 0.32265625 0.0796875 0.1015625
0 0.8703125 0.30703125 0.1203125 0.12734375
0 0.578125 0.35078125 0.06015625 0.06953125
0 0.23046875 0.32734375 0.08203125 0.13046875
0 0.2859375 0.3265625 0.0578125 0.084375
0 0.4734375 0.02265625 0.071875 0.0453125
0 0.6546875 0.01796875 0.084375 0.0359375
0 0.1421875 0.03125 0.08203125 0.0625
0 0.87109375 0.04609375 0.12265625 0.09140625
0 0.5765625 0.009375 0.0625 0.01875
0 0.23125 0.0359375 0.084375 0.071875
0 0.28671875 0.025 0.0609375 0.05