1 0.16953125 0.36171875 0.06953125 0.08671875
1 0.3484375 0.35625 0.0484375 0.07265625
1 0.44375 0.3796875 0.0453125 0.06484375
1 0.1140625 0.38203125 0.040625 0.06015625
1 0.30390625 0.37578125 0.0359375 0.0578125
1 0.48828125 0.384375 0.03828125 0.05078125
1 0.5421875 0.3890625 0.0359375 0.040625
1 0.2390625 0.375 0.05078125 0.05546875
1 0.0265625 0.39140625 0.04296875 0.04609375
1 0.60078125 0.39140625 0.03828125 0.040625
1 0.6859375 0.3640625 0.0453125 0.0578125
1 0.7515625 0.38515625 0.03125 0.04375
1 0.16796875 0.0109375 0.071875 0.021875
1 0.34921875 0.009375 0.0515625 0.01875