0 0.74765625 0.3140625 0.0671875 0.09375
0 0.3125 0.2953125 0.125 0.10078125
0 0.55859375 0.28125 0.0890625 0.1203125
0 0.88828125 0.30859375 0.1078125 0.0890625
0 0.3453125 0.28359375 0.084375 0.08203125
0 0.01171875 0.29453125 0.01953125 0.07421875
0 0.7484375 0.03359375 0.06953125 0.0671875
0 0.3140625 0.04453125 0.12734375 0.0890625
0 0.55703125 0.05625 0.0921875 0.1125
0 0.88671875 0.03515625 0.1109375 0.06953125
0 0.3453125 0.0484375 0.084375 0.08203125
0 0.01171875 0.03984375 0.01953125 0.07421875