0 0.2984375 0.44453125 0.053125 0.06953125
1 0.734375 0.4375 0.05078125 0.0796875
1 0.79453125 0.41171875 0.06015625 0.07734375
1 0.61171875 0.43828125 0.05078125 0.0671875
1 0.0828125 0.47109375 0.05546875 0.06015625
1 0.5296875 0.4359375 0.0453125 0.0578125
1 0.25234375 0.48203125 0.0484375 0.053125
1 0.3796875 0.4953125 0.03828125 0.05078125
1 0.42421875 0.48203125 0.040625 0.0625
0 0.47734375 0.43515625 0.03125 0.04609375
0 0.29921875 0.015625 0.05546875 0.03125
1 0.7328125 0.021875 0.053125 0.04375
1 0.79296875 0.03359375 0.0625 0.0671875
1 0.6109375 0.01796875 0.053125 0.0359375
1 0.52890625 0.0171875 0.0484375 0.03359375
0 0.47578125 0.01484375 0.03359375 0.02890625