0 0.20546875 0.353125 0.2046875 0.2359375
0 0.62265625 0.2875 0.1875 0.21875
0 0.5171875 0.4015625 0.1109375 0.134375
0 0.36640625 0.428125 0.15625 0.16328125
0 0.8328125 0.375 0.146875 0.1296875
0 0.953125 0.3421875 0.07421875 0.0890625
0 0.82421875 0.30625 0.10546875 0.0984375
0 0.92890625 0.2984375 0.05078125 0.0578125
0 0.20703125 0.04453125 0.20703125 0.0890625
0 0.62109375 0.0734375 0.18984375 0.146875
0 0.9546875 0.01328125 0.0765625 0.0265625
0 0.8234375 0.03359375 0.1078125 0.0671875
0 0.93125 0.02734375 0.053125 0.0546875