0 0.078125 0.4515625 0.0171875 0.01953125
0 0.446875 0.4359375 0.01953125 0.0171875
0 0.51171875 0.4984375 0.02421875 0.021875
0 0.81015625 0.51328125 0.02890625 0.0359375
0 0.93359375 0.51953125 0.0359375 0.03359375
0 0.67578125 0.446875 0.0140625 0.0140625
0 0.66328125 0.43984375 0.0140625 0.0140625
0 0.25234375 0.40390625 0.009375 0.0140625
0 0.23828125 0.4125 0.009375 0.01171875
2 0.071875 0.490625 0.03828125 0.09140625
2 0.23828125 0.4328125 0.0140625 0.0578125
2 0.25625 0.42578125 0.0171875 0.0484375
2 0.5140625 0.553125 0.03828125 0.134375
2 0.44140625 0.459375 0.03125 0.0671875
2 0.6828125 0.4859375 0.02890625 0.09140625
2 0.6609375 0.47265625 0.01953125 0.0796875
2 0.8078125 0.5796875 0.071875 0.15390625
2 0.9421875 0.60703125 0.10078125 0.19921875
0 0.078125 0.125 0.0171875 0.01953125
0 0.078125 0.96171875 0.0171875 0.01953125
0 0.446875 0.14296875 0.01953125 0.0171875
0 0.446875 0.9796875 0.01953125 0.0171875
0 0.51171875 0.08046875 0.02421875 0.021875
0 0.51171875 0.9171875 0.02421875 0.021875
0 0.81015625 0.06640625 0.02890625 0.0359375
0 0.81015625 0.90234375 0.02890625 0.0359375
0 0.93359375 0.0578125 0.0359375 0.03359375
0 0.93359375 0.89453125 0.0359375 0.03359375
0 0.67578125 0.1296875 0.0140625 0.0140625
0 0.67578125 0.96640625 0.0140625 0.0140625
0 0.66328125 0.13671875 0.0140625 0.0140625
0 0.66328125 0.9734375 0.0140625 0.0140625
0 0.25234375 0.1734375 0.009375 0.0140625
0 0.23828125 0.1671875 0.009375 0.01171875
0 0.2390625 0.99609375 0.01171875 0.00234375
2 0.071875 0.08671875 0.03828125 0.09140625
2 0.071875 0.9234375 0.03828125 0.09140625
2 0.23828125 0.14453125 0.0140625 0.0578125
2 0.2390625 0.975 0.0171875 0.0453125
2 0.25625 0.1515625 0.0171875 0.0484375
2 0.2546875 0.98046875 0.01953125 0.03359375
2 0.515625 0.046875 0.040625 0.09375
2 0.5140625 0.8609375 0.03828125 0.134375
2 0.44140625 0.11796875 0.03125 0.0671875
2 0.44140625 0.9546875 0.03125 0.0671875
2 0.6828125 0.09140625 0.02890625 0.09140625
2 0.6828125 0.928125 0.02890625 0.09140625
2 0.6609375 0.10703125 0.01953125 0.0796875
2 0.6609375 0.94375 0.01953125 0.0796875
2 0.80859375 0.03828125 0.07421875 0.0765625
2 0.8078125 0.834375 0.071875 0.15390625
2 0.94375 0.0359375 0.103125 0.071875
2 0.9421875 0.80859375 0.10078125 0.19921875