0 0.20078125 0.3890625 0.1421875 0.18046875
0 0.271875 0.44609375 0.071875 0.08203125
0 0.3609375 0.41796875 0.10078125 0.0984375
0 0.4359375 0.4375 0.040625 0.05546875
0 0.48203125 0.42890625 0.05546875 0.0625
0 0.5375 0.43125 0.06484375 0.08671875
0 0.7765625 0.425 0.0578125 0.0796875
0 0.7515625 0.43515625 0.0359375 0.05078125
0 0.8265625 0.38515625 0.09609375 0.125
0 0.90234375 0.3890625 0.07421875 0.10390625
0 0.9359375 0.4171875 0.0359375 0.0578125
0 0.19921875 0.07109375 0.14453125 0.1421875
0 0.27265625 0.01796875 0.07421875 0.0359375
0 0.3609375 0.0359375 0.103125 0.071875
0 0.43515625 0.015625 0.04296875 0.03125
0 0.48046875 0.021875 0.0578125 0.04375
0 0.5359375 0.0265625 0.0671875 0.053125
0 0.7765625 0.02734375 0.059375 0.0546875
0 0.75 0.015625 0.03828125 0.03125
0 0.828125 0.059375 0.0984375 0.11796875
0 0.90078125 0.0515625 0.0765625 0.103125
0 0.93515625 0.0265625 0.03828125 0.053125