0 0.203125 0.39296875 0.06953125 0.06484375
0 0.896875 0.36640625 0.0578125 0.06953125
0 0.64296875 0.37265625 0.06953125 0.0765625
0 0.28828125 0.390625 0.0625 0.06953125
0 0.4390625 0.40390625 0.06953125 0.0625
0 0.4015625 0.55625 0.0484375 0.0796875
0 0.84140625 0.4203125 0.053125 0.0578125
0 0.14296875 0.4078125 0.05546875 0.06015625
0 0.08984375 0.4015625 0.0453125 0.053125
0 0.3609375 0.446875 0.08203125 0.10546875
0 0.5171875 0.4515625 0.0484375 0.053125
0 0.509375 0.40859375 0.03828125 0.0484375
0 0.2015625 0.015625 0.071875 0.03125
0 0.896875 0.0296875 0.059375 0.059375
0 0.6421875 0.02890625 0.071875 0.0578125
0 0.28984375 0.01796875 0.06484375 0.0359375
0 0.4375 0.009375 0.071875 0.01875
0 0.1421875 0.00703125 0.0578125 0.0140625
0 0.0890625 0.00859375 0.0484375 0.0171875