0 0.2796875 0.2890625 0.06015625 0.07734375
0 0.759375 0.3484375 0.115625 0.1328125
0 0.446875 0.3640625 0.1109375 0.14921875
0 0.10546875 0.35390625 0.10546875 0.125
0 0.21484375 0.38515625 0.11328125 0.13046875
0 0.521875 0.21484375 0.0625 0.0484375
1 0.55859375 0.359375 0.0796875 0.09140625
0 0.2796875 0.09140625 0.06015625 0.07734375
0 0.7609375 0.05078125 0.11796875 0.1015625
0 0.4484375 0.046875 0.11328125 0.09375
0 0.10703125 0.04609375 0.1078125 0.09140625
0 0.2140625 0.03125 0.115625 0.0625
0 0.521875 0.16640625 0.0625 0.0484375
1 0.5578125 0.03515625 0.08203125 0.06953125