0 0.12734375 0.26484375 0.10078125 0.13046875
0 0.75 0.2890625 0.08203125 0.1015625
0 0.62890625 0.3578125 0.05546875 0.075
0 0.8265625 0.36484375 0.053125 0.075
0 0.34765625 0.3171875 0.06953125 0.075
0 0.5453125 0.34921875 0.0625 0.07265625
0 0.2953125 0.3484375 0.0578125 0.0796875
0 0.4390625 0.36953125 0.05546875 0.075
0 0.4984375 0.3890625 0.05078125 0.06015625
0 0.12734375 0.0671875 0.10078125 0.13046875
0 0.7515625 0.0484375 0.084375 0.09609375
0 0.62734375 0.00703125 0.0578125 0.0140625
0 0.3453125 0.02734375 0.071875 0.0546875
0 0.546875 0.0109375 0.06484375 0.021875
0 0.296875 0.01328125 0.06015625 0.0265625