0 0.83984375 0.6 0.040625 0.040625
0 0.74375 0.61796875 0.05546875 0.0625
0 0.65390625 0.6203125 0.03359375 0.03359375
0 0.6140625 0.609375 0.0359375 0.0453125
0 0.47578125 0.62109375 0.03828125 0.0453125
0 0.396875 0.625 0.04296875 0.0578125
0 0.290625 0.640625 0.03359375 0.040625
0 0.353125 0.63203125 0.03359375 0.03828125
0 0.77890625 0.61796875 0.03359375 0.04296875
0 0.4265625 0.62734375 0.0359375 0.03828125
1 0.5515625 0.6296875 0.05546875 0.0578125
0 0.55546875 0.59609375 0.03828125 0.03359375