1 0.7828125 0.44453125 0.06015625 0.08671875
1 0.671875 0.4546875 0.07421875 0.09140625
1 0.9515625 0.47734375 0.08203125 0.15625
1 0.5765625 0.4328125 0.04296875 0.0578125
1 0.8734375 0.453125 0.05546875 0.06015625
1 0.51953125 0.4546875 0.03359375 0.04296875
0 0.2953125 0.45078125 0.04296875 0.0453125
0 0.3609375 0.44375 0.02890625 0.0359375
0 0.384375 0.43125 0.03359375 0.0359375
1 0.42578125 0.44921875 0.03828125 0.053125
1 0.4953125 0.446875 0.02890625 0.0484375
1 0.1984375 0.4390625 0.0359375 0.05546875
1 0.171875 0.44453125 0.0265625 0.03359375