0 0.90234375 0.24375 0.09375 0.1109375
0 0.82421875 0.57265625 0.1296875 0.1421875
0 0.54296875 0.2421875 0.0578125 0.06953125
0 0.353125 0.26015625 0.0671875 0.07265625
0 0.16015625 0.37734375 0.06484375 0.06015625
0 0.7859375 0.28203125 0.0484375 0.0578125
0 0.8859375 0.40859375 0.06015625 0.0890625
0 0.678125 0.42421875 0.0578125 0.0578125
0 0.69375 0.259375 0.0453125 0.05546875
0 0.3796875 0.30390625 0.03828125 0.053125
0 0.35703125 0.3828125 0.09375 0.09609375
0 0.90234375 0.075 0.09375 0.1109375
0 0.54296875 0.078125 0.0578125 0.06953125
0 0.353125 0.0578125 0.0671875 0.07265625
0 0.7859375 0.0359375 0.0484375 0.0578125
0 0.69375 0.06171875 0.0453125 0.05546875
0 0.38125 0.021875 0.040625 0.04375