0 0.8265625 0.3375 0.0625 0.084375
0 0.64921875 0.3421875 0.053125 0.0796875
1 0.36875 0.3265625 0.06953125 0.09140625
1 0.26796875 0.35234375 0.06484375 0.084375
1 0.696875 0.32109375 0.0765625 0.0890625
1 0.94140625 0.3078125 0.09375 0.1109375
1 0.146875 0.3609375 0.053125 0.0671875
1 0.4828125 0.34375 0.053125 0.0625
1 0.0375 0.3234375 0.06953125 0.19921875
0 0.8265625 0.009375 0.065625 0.01875
1 0.3703125 0.0171875 0.071875 0.03359375
1 0.69609375 0.01953125 0.0796875 0.03828125
1 0.9421875 0.03125 0.09609375 0.0625
1 0.0390625 0.0453125 0.071875 0.090625