0 0.8640625 0.38046875 0.0453125 0.0671875
0 0.303125 0.3734375 0.0578125 0.08203125
0 0.5953125 0.3953125 0.06015625 0.07734375
0 0.759375 0.38203125 0.0625 0.0890625
0 0.8015625 0.409375 0.05546875 0.07265625
0 0.71875 0.3984375 0.03359375 0.06015625
0 0.5609375 0.37734375 0.021875 0.040625
0 0.52421875 0.3640625 0.0671875 0.08203125
1 0.475 0.3734375 0.0453125 0.07734375
0 0.4359375 0.3828125 0.03125 0.03828125
0 0.20078125 0.3734375 0.040625 0.053125
0 0.1296875 0.3828125 0.03828125 0.0578125
0 0.08046875 0.3671875 0.06484375 0.10390625
0 0.0296875 0.37109375 0.05078125 0.0671875