0 0.3171875 0.61328125 0.071875 0.09140625
0 0.10546875 0.53984375 0.0625 0.084375
0 0.5046875 0.61796875 0.08203125 0.10078125
0 0.2640625 0.58515625 0.0625 0.07421875
0 0.05390625 0.5265625 0.05546875 0.0765625
0 0.81640625 0.5109375 0.06015625 0.0796875
0 0.81875 0.60546875 0.06015625 0.0765625
0 0.38203125 0.53125 0.0578125 0.0671875
0 0.73203125 0.67421875 0.084375 0.12265625
0 0.2203125 0.509375 0.06015625 0.08671875
0 0.46640625 0.56484375 0.0671875 0.0671875
0 0.703125 0.5671875 0.05078125 0.0671875
0 0.44375 0.50703125 0.05078125 0.0578125
0 0.540625 0.47734375 0.0484375 0.06015625
0 0.5796875 0.55859375 0.053125 0.06015625
0 0.7328125 0.96171875 0.08671875 0.071875