0 0.1625 0.25546875 0.11796875 0.13984375
0 0.3015625 0.29765625 0.09375 0.10390625
1 0.4890625 0.3015625 0.07421875 0.08203125
1 0.8609375 0.2796875 0.1296875 0.13984375
1 0.64296875 0.259375 0.0796875 0.10390625
1 0.07109375 0.27734375 0.0796875 0.07265625
1 0.7921875 0.29609375 0.05078125 0.09609375
0 0.1625 0.07734375 0.11796875 0.13984375
0 0.303125 0.04453125 0.09609375 0.0890625
1 0.490625 0.0375 0.0765625 0.075
1 0.859375 0.0625 0.13203125 0.125
1 0.64296875 0.07578125 0.0796875 0.10390625
1 0.07109375 0.05546875 0.0796875 0.07265625
1 0.79296875 0.04375 0.053125 0.08671875