1 0.76796875 0.3015625 0.06015625 0.07734375
1 0.69453125 0.30859375 0.053125 0.07265625
1 0.8578125 0.2984375 0.0578125 0.1109375
1 0.40390625 0.31484375 0.053125 0.06015625
1 0.9125 0.29375 0.05078125 0.10625
1 0.6203125 0.32421875 0.02421875 0.04609375
1 0.959375 0.2796875 0.0765625 0.2265625
1 0.64921875 0.3328125 0.02890625 0.0484375
1 0.5140625 0.32734375 0.04296875 0.0625
1 0.546875 0.31796875 0.03125 0.0578125
1 0.4625 0.31484375 0.0265625 0.04609375
1 0.29921875 0.3375 0.0265625 0.03828125
1 0.32421875 0.32890625 0.02421875 0.04609375
1 0.7703125 0.0359375 0.0625 0.071875
1 0.69375 0.03125 0.05546875 0.0625
1 0.85703125 0.04609375 0.06015625 0.09140625
1 0.403125 0.025 0.05625 0.05
1 0.91328125 0.046875 0.053125 0.09375
1 0.61875 0.0171875 0.0265625 0.03359375
1 0.9578125 0.084375 0.0796875 0.16875
1 0.64765625 0.01328125 0.03125 0.0265625
1 0.51328125 0.01953125 0.0453125 0.03828125
1 0.54921875 0.02265625 0.0328125 0.0453125
1 0.4640625 0.021875 0.02890625 0.04375
1 0.30078125 0.00859375 0.02890625 0.0171875
1 0.3234375 0.01484375 0.0265625 0.02890625