0 0.12265625 0.28828125 0.125 0.16796875
1 0.03984375 0.35234375 0.07421875 0.09375
1 0.2125 0.33515625 0.09375 0.1078125
1 0.34609375 0.31953125 0.0765625 0.10078125
1 0.49296875 0.353125 0.0578125 0.08203125
1 0.52421875 0.36875 0.03359375 0.05546875
1 0.603125 0.34375 0.053125 0.08203125
1 0.63828125 0.36328125 0.040625 0.053125
1 0.73046875 0.33984375 0.053125 0.07421875
1 0.75625 0.35078125 0.0359375 0.0578125
1 0.77890625 0.37734375 0.03359375 0.0484375
1 0.8453125 0.375 0.03125 0.03359375
1 0.88671875 0.39453125 0.03359375 0.02890625
0 0.1234375 0.02421875 0.12734375 0.0484375