0 0.9015625 0.31875 0.0578125 0.06484375
1 0.2328125 0.296875 0.071875 0.09375
1 0.8296875 0.28984375 0.0625 0.06953125
1 0.5734375 0.26171875 0.07421875 0.09609375
1 0.0921875 0.26796875 0.06015625 0.0796875
1 0.43515625 0.3015625 0.0578125 0.0796875
1 0.33515625 0.3296875 0.05546875 0.071875
1 0.68046875 0.321875 0.0578125 0.0765625
0 0.71875 0.32578125 0.02890625 0.0453125
1 0.4734375 0.3171875 0.03359375 0.0578125
1 0.0484375 0.30546875 0.0578125 0.0671875
1 0.6203125 0.31015625 0.04296875 0.0578125
0 0.9 0.02890625 0.06015625 0.0578125
1 0.23203125 0.046875 0.07421875 0.09375
1 0.8296875 0.05390625 0.0625 0.06953125
1 0.5734375 0.0796875 0.07421875 0.09609375
1 0.0921875 0.07578125 0.06015625 0.0796875
1 0.43515625 0.0421875 0.0578125 0.0796875
1 0.33671875 0.025 0.0578125 0.05
1 0.6796875 0.0296875 0.059375 0.059375
0 0.7171875 0.0203125 0.03125 0.040625
1 0.47265625 0.02734375 0.0359375 0.0546875
1 0.0484375 0.0359375 0.0578125 0.0671875
1 0.6203125 0.03125 0.04296875 0.0578125