1 0.23203125 0.3015625 0.06015625 0.07734375
1 0.30546875 0.30859375 0.053125 0.07265625
1 0.1421875 0.2984375 0.0578125 0.1109375
1 0.59609375 0.31484375 0.053125 0.06015625
1 0.0875 0.29375 0.05078125 0.10625
1 0.3796875 0.32421875 0.02421875 0.04609375
1 0.040625 0.2796875 0.0765625 0.2265625
1 0.35078125 0.3328125 0.02890625 0.0484375
1 0.4859375 0.32734375 0.04296875 0.0625
1 0.453125 0.31796875 0.03125 0.0578125
1 0.5375 0.31484375 0.0265625 0.04609375
1 0.70078125 0.3375 0.0265625 0.03828125
1 0.67578125 0.32890625 0.02421875 0.04609375
1 0.2296875 0.0359375 0.0625 0.071875
1 0.30625 0.03125 0.05546875 0.0625
1 0.14296875 0.04609375 0.06015625 0.09140625
1 0.596875 0.025 0.05625 0.05
1 0.08671875 0.046875 0.053125 0.09375
1 0.38125 0.0171875 0.0265625 0.03359375
1 0.0421875 0.084375 0.0796875 0.16875
1 0.35234375 0.01328125 0.03125 0.0265625
1 0.48671875 0.01953125 0.0453125 0.03828125
1 0.45078125 0.02265625 0.0328125 0.0453125
1 0.5359375 0.021875 0.02890625 0.04375
1 0.69921875 0.00859375 0.02890625 0.0171875
1 0.6765625 0.01484375 0.0265625 0.02890625