0 0.91484375 0.35 0.11328125 0.1421875
0 0.0515625 0.396875 0.084375 0.09140625
0 0.634375 0.3796875 0.053125 0.09140625
0 0.7484375 0.3921875 0.05546875 0.08671875
0 0.30546875 0.39765625 0.053125 0.06953125
0 0.21640625 0.39765625 0.0484375 0.06953125
1 0.17421875 0.3796875 0.05078125 0.0671875
1 0.8015625 0.38359375 0.05546875 0.0890625
1 0.44375 0.4109375 0.0453125 0.071875
1 0.55546875 0.4 0.04296875 0.07421875
1 0.5 0.38359375 0.03828125 0.06484375
0 0.25234375 0.3609375 0.03359375 0.0484375
1 0.39921875 0.39296875 0.04296875 0.06484375