1 0.0625 0.44375 0.1109375 0.11796875
1 0.63359375 0.390625 0.05078125 0.05546875
1 0.20546875 0.375 0.05078125 0.0625
1 0.6734375 0.384375 0.03828125 0.03828125
1 0.0796875 0.39296875 0.0765625 0.0796875
1 0.1703125 0.3859375 0.053125 0.06484375
1 0.9484375 0.475 0.0796875 0.09375
1 0.33984375 0.35703125 0.03125 0.040625
1 0.44375 0.3640625 0.0359375 0.0453125
1 0.51796875 0.3703125 0.0359375 0.0484375
1 0.80390625 0.4234375 0.06953125 0.08203125
1 0.06328125 0.05859375 0.1140625 0.1171875
1 0.63359375 0.11171875 0.05078125 0.05546875
1 0.20546875 0.125 0.05078125 0.0625
1 0.6734375 0.115625 0.03828125 0.03828125
1 0.0796875 0.109375 0.0765625 0.0796875
1 0.1703125 0.11640625 0.053125 0.06484375
1 0.946875 0.0375 0.08203125 0.07421875
1 0.946875 0.98828125 0.08203125 0.01953125
1 0.33984375 0.1453125 0.03125 0.040625
1 0.44375 0.13828125 0.0359375 0.0453125
1 0.51796875 0.1296875 0.0359375 0.0484375
1 0.80390625 0.0765625 0.06953125 0.08203125