0 0.821875 0.34921875 0.071875 0.08203125
0 0.62734375 0.4359375 0.10078125 0.09609375
0 0.7234375 0.521875 0.15390625 0.1421875
1 0.15625 0.27109375 0.08671875 0.10390625
1 0.29453125 0.2984375 0.05546875 0.07265625
1 0.5578125 0.33359375 0.0671875 0.06953125
0 0.39453125 0.3265625 0.03828125 0.05546875
0 0.45546875 0.34609375 0.040625 0.05546875
0 0.4890625 0.3484375 0.03125 0.04609375
0 0.53359375 0.34453125 0.03359375 0.0578125
1 0.3265625 0.33125 0.0484375 0.04609375
1 0.07109375 0.3203125 0.0359375 0.053125
0 0.82109375 0.01328125 0.07421875 0.0265625
1 0.15625 0.0640625 0.08671875 0.10390625
1 0.29609375 0.0359375 0.0578125 0.071875
1 0.55625 0.01796875 0.06953125 0.0359375
0 0.39296875 0.01796875 0.040625 0.0359375
0 0.45703125 0.00859375 0.04296875 0.0171875
0 0.490625 0.0046875 0.03359375 0.009375
0 0.53359375 0.009375 0.0359375 0.01875
1 0.32578125 0.01328125 0.05078125 0.0265625
1 0.071875 0.0203125 0.03828125 0.040625