0 0.04296875 0.390625 0.03828125 0.03828125
0 0.2640625 0.4 0.03828125 0.04375
0 0.84375 0.34921875 0.0625 0.08203125
0 0.98671875 0.34609375 0.021875 0.09375
0 0.69140625 0.37734375 0.05078125 0.075
0 0.73203125 0.36875 0.0453125 0.0671875
0 0.5890625 0.37109375 0.053125 0.07734375
0 0.63125 0.36875 0.0359375 0.0625
0 0.49296875 0.38046875 0.0484375 0.0625
0 0.31953125 0.4046875 0.02421875 0.03828125
0 0.35078125 0.42421875 0.03359375 0.04375
0 0.3546875 0.38046875 0.03125 0.04375
0 0.3921875 0.4109375 0.03828125 0.05078125
0 0.4390625 0.38046875 0.05078125 0.0625
0 0.53359375 0.378125 0.03359375 0.0578125
0 0.8453125 0.01328125 0.06484375 0.0265625
0 0.9859375 0.01796875 0.02421875 0.0359375