0 0.3171875 0.275 0.08671875 0.12734375
0 0.61875 0.3546875 0.11796875 0.12734375
0 0.2390625 0.25390625 0.13203125 0.18046875
0 0.63359375 0.15234375 0.06953125 0.0890625
0 0.72109375 0.1890625 0.03359375 0.0359375
0 0.55546875 0.225 0.0484375 0.05078125
0 0.38671875 0.1671875 0.0578125 0.06484375
0 0.4484375 0.19375 0.0359375 0.0453125
0 0.578125 0.1546875 0.05078125 0.0453125
0 0.03515625 0.27421875 0.06484375 0.1296875
0 0.1 0.25390625 0.13203125 0.18046875
0 0.946875 0.1890625 0.03359375 0.0359375