0 0.2609375 0.428125 0.05546875 0.0765625
0 0.49296875 0.44140625 0.04296875 0.06015625
1 0.203125 0.4625 0.06953125 0.084375
1 0.70078125 0.43359375 0.06484375 0.0890625
1 0.93359375 0.3859375 0.12265625 0.13671875
1 0.5921875 0.4421875 0.06484375 0.0765625
1 0.8296875 0.43359375 0.0578125 0.0796875
1 0.140625 0.4578125 0.05546875 0.06484375
1 0.3859375 0.46484375 0.05078125 0.06953125
1 0.75625 0.44921875 0.0453125 0.0578125
1 0.65859375 0.44375 0.03359375 0.06015625
1 0.08203125 0.478125 0.04296875 0.0578125
1 0.35 0.48671875 0.0453125 0.06015625
1 0.4234375 0.43359375 0.03359375 0.0453125
1 0.44921875 0.47265625 0.04296875 0.05078125
1 0.7953125 0.4546875 0.03359375 0.0625
1 0.5265625 0.47265625 0.03828125 0.05078125