0 0.9671875 0.3375 0.06015625 0.1421875
0 0.94375 0.275 0.09375 0.12734375
0 0.85703125 0.3171875 0.0890625 0.09140625
0 0.68046875 0.32578125 0.0625 0.06484375
0 0.6859375 0.28984375 0.05078125 0.0453125
0 0.5984375 0.2859375 0.053125 0.0625
0 0.4171875 0.321875 0.0453125 0.0578125
0 0.26796875 0.26796875 0.06484375 0.084375
0 0.296875 0.27890625 0.0359375 0.071875
0 0.1078125 0.290625 0.08203125 0.09140625
0 0.96875 0.0359375 0.0625 0.071875
0 0.94453125 0.0640625 0.09609375 0.12734375
0 0.8578125 0.03359375 0.09140625 0.0671875
0 0.67890625 0.02265625 0.06484375 0.0453125
0 0.6859375 0.04921875 0.05078125 0.0453125
0 0.5984375 0.05078125 0.053125 0.0625
0 0.41796875 0.02265625 0.0484375 0.0453125
0 0.26796875 0.07109375 0.06484375 0.084375
0 0.296875 0.0578125 0.0359375 0.071875
0 0.10859375 0.0453125 0.0828125 0.090625