0 0.1421875 0.44140625 0.125 0.12265625
0 0.1859375 0.5828125 0.1421875 0.1421875
0 0.33671875 0.725 0.1734375 0.18046875
0 0.4640625 0.5484375 0.1296875 0.16328125
0 0.52734375 0.3921875 0.0796875 0.08203125
0 0.53984375 0.46875 0.12265625 0.09609375
0 0.6578125 0.51953125 0.0890625 0.10546875
0 0.634375 0.3609375 0.0578125 0.071875
0 0.68359375 0.38203125 0.06015625 0.071875
0 0.7078125 0.44453125 0.084375 0.08203125
0 0.8609375 0.5015625 0.15390625 0.165625
0 0.80390625 0.44375 0.084375 0.0984375
0 0.853125 0.3703125 0.0765625 0.08671875
0 0.3375 0.91953125 0.17578125 0.15625
0 0.6359375 0.00703125 0.06015625 0.0140625