1 0.50625 0.36640625 0.0890625 0.10625
1 0.8078125 0.36484375 0.09140625 0.10390625
1 0.06640625 0.33984375 0.0984375 0.13046875
1 0.34375 0.36484375 0.071875 0.0984375
1 0.14921875 0.34453125 0.10546875 0.1109375
1 0.68359375 0.3328125 0.09375 0.13046875
1 0.5046875 0.0109375 0.09140625 0.021875
1 0.80859375 0.0109375 0.09375 0.021875
1 0.06484375 0.03046875 0.10078125 0.06015625
1 0.34453125 0.009375 0.0734375 0.01875
1 0.14921875 0.02265625 0.1078125 0.0453125
1 0.6828125 0.03359375 0.09609375 0.0671875