0 0.79453125 0.46640625 0.06015625 0.0671875
0 0.94140625 0.41796875 0.021875 0.03359375
0 0.20546875 0.4 0.0890625 0.1078125
0 0.33671875 0.4203125 0.08203125 0.10078125
0 0.41953125 0.37734375 0.06015625 0.08203125
0 0.50625 0.4046875 0.06015625 0.06015625
0 0.5609375 0.41015625 0.05078125 0.06953125
0 0.6453125 0.4015625 0.0453125 0.053125
0 0.703125 0.40625 0.0453125 0.0578125
0 0.74765625 0.40234375 0.03828125 0.0453125
0 0.7859375 0.40234375 0.03359375 0.0453125
0 0.83046875 0.41015625 0.0359375 0.0453125
0 0.8765625 0.4171875 0.03125 0.040625