0 0.896875 0.3859375 0.1109375 0.13203125
0 0.759375 0.42421875 0.0765625 0.09375
0 0.6765625 0.40390625 0.06953125 0.08203125
0 0.8390625 0.39765625 0.0578125 0.103125
1 0.08984375 0.37109375 0.12734375 0.13203125
1 0.5828125 0.4125 0.06953125 0.084375
1 0.4640625 0.4203125 0.0578125 0.0625
0 0.24609375 0.228125 0.021875 0.02890625
0 0.15234375 0.2125 0.021875 0.0265625
0 0.0828125 0.2140625 0.021875 0.02421875
0 0.0265625 0.35546875 0.0484375 0.08203125
0 0.24609375 0.021875 0.021875 0.02890625
0 0.15234375 0.03984375 0.021875 0.0265625
0 0.0828125 0.0359375 0.021875 0.02421875