0 0.14765625 0.415625 0.06015625 0.0796875
0 0.19453125 0.4 0.053125 0.07265625
0 0.23828125 0.415625 0.03828125 0.04609375
0 0.353125 0.4203125 0.0484375 0.06953125
0 0.4265625 0.38515625 0.05078125 0.0625
0 0.52421875 0.39296875 0.053125 0.0578125
0 0.56484375 0.3578125 0.0484375 0.06015625
0 0.63125 0.33359375 0.0453125 0.06484375
0 0.60546875 0.3359375 0.03828125 0.05546875
0 0.72734375 0.33515625 0.05546875 0.0671875
0 0.7765625 0.32421875 0.0484375 0.075
0 0.56640625 0.00625 0.05078125 0.01171875
0 0.6296875 0.01953125 0.0484375 0.03828125
0 0.60703125 0.015625 0.040625 0.03125
0 0.72578125 0.01953125 0.0578125 0.03828125
0 0.77734375 0.0265625 0.05078125 0.053125