0 0.24375 0.50390625 0.06953125 0.09140625
0 0.0421875 0.453125 0.06953125 0.09140625
0 0.47109375 0.48828125 0.053125 0.06953125
0 0.30625 0.5 0.06015625 0.084375
0 0.64921875 0.4984375 0.04296875 0.0671875
0 0.390625 0.48515625 0.05546875 0.075
0 0.88671875 0.49296875 0.0484375 0.05546875
0 0.584375 0.49375 0.04296875 0.0578125
0 0.6984375 0.50234375 0.05078125 0.06015625
0 0.5890625 0.4640625 0.03828125 0.05546875
0 0.50390625 0.49296875 0.0453125 0.06953125
1 0.76328125 0.50703125 0.06015625 0.06015625