1 0.07109375 0.31484375 0.06484375 0.08203125
1 0.35 0.32421875 0.07421875 0.10078125
1 0.15234375 0.3015625 0.0890625 0.1078125
1 0.728125 0.30859375 0.09140625 0.11328125
1 0.2234375 0.33984375 0.0625 0.0796875
1 0.5453125 0.3109375 0.0765625 0.11328125
1 0.41015625 0.32109375 0.05546875 0.0984375
1 0.2859375 0.33984375 0.053125 0.0796875
1 0.9390625 0.28125 0.0796875 0.10546875
1 0.07109375 0.084375 0.06484375 0.08203125
1 0.35 0.07421875 0.07421875 0.10078125
1 0.15234375 0.1 0.0890625 0.1078125
1 0.728125 0.0921875 0.09140625 0.11328125
1 0.2234375 0.0609375 0.0625 0.0796875
1 0.5453125 0.08984375 0.0765625 0.11328125
1 0.41015625 0.08046875 0.05546875 0.0984375
1 0.2859375 0.0609375 0.053125 0.0796875
1 0.9390625 0.11796875 0.0796875 0.10546875