0 0.31484375 0.4515625 0.0578125 0.053125
0 0.22109375 0.4546875 0.053125 0.0625
1 0.2640625 0.47734375 0.053125 0.06015625
1 0.42578125 0.4625 0.04296875 0.0453125
1 0.5671875 0.46875 0.03359375 0.04296875
1 0.5375 0.44375 0.0359375 0.040625
1 0.5 0.4484375 0.02890625 0.0359375
1 0.28984375 0.4703125 0.03125 0.05078125
0 0.5890625 0.44140625 0.03359375 0.0453125
0 0.7140625 0.45546875 0.04296875 0.05078125
0 0.7859375 0.45078125 0.03828125 0.0453125
1 0.6625 0.4671875 0.0453125 0.0453125
1 0.7671875 0.49609375 0.053125 0.05546875
1 0.88359375 0.46484375 0.03125 0.0359375
1 0.959375 0.4703125 0.03359375 0.0359375