0 0.82109375 0.346875 0.0796875 0.10625
0 0.25 0.31484375 0.178125 0.21484375
0 0.68515625 0.32265625 0.21171875 0.26015625
0 0.9375 0.38203125 0.053125 0.06953125
2 0.2046875 0.525 0.34609375 0.60703125
2 0.915625 0.453125 0.125 0.20234375
2 0.81875 0.378125 0.1078125 0.14921875
2 0.74375 0.521875 0.36328125 0.61953125
0 0.821875 0.0203125 0.08203125 0.040625
0 0.2484375 0.0640625 0.18046875 0.12734375
0 0.68359375 0.07109375 0.2140625 0.1421875
2 0.203125 0.91796875 0.3484375 0.159375
2 0.81953125 0.015625 0.1109375 0.03125
2 0.7453125 0.9171875 0.365625 0.16171875