0 0.57578125 0.284375 0.11328125 0.115625
0 0.49765625 0.315625 0.15390625 0.14453125
0 0.0421875 0.315625 0.06015625 0.0671875
0 0.2515625 0.30859375 0.06484375 0.0671875
0 0.146875 0.4 0.0578125 0.0625
0 0.296875 0.35078125 0.07421875 0.0796875
1 0.25 0.20234375 0.0484375 0.0625
1 0.3609375 0.21796875 0.04296875 0.05546875
1 0.42890625 0.215625 0.06015625 0.06015625
1 0.703125 0.28828125 0.05078125 0.06015625
1 0.6671875 0.21484375 0.05546875 0.0625
1 0.509375 0.215625 0.053125 0.06015625
1 0.8109375 0.2015625 0.040625 0.05546875