0 0.83671875 0.33671875 0.071875 0.09140625
0 0.725 0.28515625 0.146875 0.18046875
0 0.634375 0.29296875 0.0765625 0.125
1 0.25625 0.25859375 0.1515625 0.17578125
1 0.10234375 0.296875 0.11328125 0.1078125
1 0.39296875 0.2984375 0.103125 0.1296875
0 0.83515625 0.021875 0.07421875 0.04296875
0 0.72578125 0.06953125 0.14921875 0.1390625
0 0.63359375 0.0515625 0.0796875 0.103125
1 0.25703125 0.08203125 0.15390625 0.16328125
1 0.103125 0.0453125 0.115625 0.090625
1 0.39453125 0.05078125 0.10546875 0.10078125