0 0.8296875 0.41484375 0.16328125 0.16875
0 0.2125 0.4171875 0.06484375 0.0578125
0 0.72578125 0.43359375 0.115625 0.125
0 0.5046875 0.42265625 0.08671875 0.11796875
0 0.1421875 0.42421875 0.0484375 0.053125
0 0.08984375 0.41484375 0.0453125 0.0578125
0 0.2984375 0.43828125 0.03359375 0.0578125
0 0.3296875 0.4359375 0.01953125 0.03359375
0 0.828125 0.05546875 0.165625 0.1109375
0 0.2140625 0.0265625 0.0671875 0.053125
0 0.725 0.03515625 0.11796875 0.06953125
0 0.50390625 0.03828125 0.0890625 0.0765625
0 0.140625 0.021875 0.05078125 0.04375
0 0.09140625 0.02734375 0.0484375 0.0546875
0 0.296875 0.015625 0.0359375 0.03125
0 0.328125 0.0109375 0.021875 0.021875