0 0.78125 0.37890625 0.0765625 0.06953125
0 0.92578125 0.36875 0.09609375 0.09375
0 0.76328125 0.30390625 0.05546875 0.06015625
0 0.390625 0.2875 0.0453125 0.05078125
0 0.96640625 0.2875 0.0625 0.0984375
0 0.83046875 0.2390625 0.0453125 0.0359375
0 0.6078125 0.24140625 0.04296875 0.040625
1 0.54453125 0.5265625 0.07421875 0.08671875
1 0.67578125 0.24375 0.03359375 0.0453125
1 0.6203125 0.2609375 0.0484375 0.05546875
1 0.28359375 0.275 0.115625 0.1078125
1 0.1984375 0.2640625 0.06015625 0.08671875
1 0.02421875 0.25625 0.04296875 0.06484375
1 0.05078125 0.26953125 0.04296875 0.0671875
0 0.78125 0.0609375 0.0765625 0.06953125
0 0.92578125 0.07109375 0.09609375 0.09375
0 0.76328125 0.1359375 0.05546875 0.06015625
0 0.390625 0.15234375 0.0453125 0.05078125
0 0.96640625 0.15234375 0.0625 0.0984375
0 0.83046875 0.20078125 0.0453125 0.0359375
0 0.6078125 0.1984375 0.04296875 0.040625
1 0.67578125 0.19609375 0.03359375 0.0453125
1 0.6203125 0.17890625 0.0484375 0.05546875
1 0.28359375 0.16484375 0.115625 0.1078125
1 0.1984375 0.1734375 0.06015625 0.08671875
1 0.02421875 0.18359375 0.04296875 0.06484375
1 0.05078125 0.16796875 0.04296875 0.0671875