0 0.5265625 0.42265625 0.0578125 0.06953125
0 0.6625 0.421875 0.05546875 0.07265625
0 0.771875 0.41796875 0.0578125 0.06953125
0 0.1078125 0.4328125 0.0484375 0.06484375
0 0.3109375 0.42890625 0.0453125 0.0578125
0 0.89296875 0.4046875 0.05546875 0.0671875
0 0.3765625 0.41796875 0.0453125 0.06953125
0 0.71875 0.4265625 0.03359375 0.03828125
1 0.4625 0.4265625 0.0359375 0.03828125
0 0.17890625 0.42421875 0.021875 0.03359375
0 0.2359375 0.4203125 0.04296875 0.05078125
0 0.80859375 0.42421875 0.0265625 0.03828125
0 0.959375 0.43359375 0.02890625 0.03359375