1 0.21484375 0.4390625 0.05546875 0.06015625
1 0.40625 0.453125 0.03359375 0.0359375
1 0.4828125 0.446875 0.03359375 0.03828125
1 0.55859375 0.446875 0.0359375 0.04296875
1 0.665625 0.4421875 0.03359375 0.03828125
1 0.709375 0.446875 0.03359375 0.03828125
1 0.74296875 0.4515625 0.03359375 0.03359375
1 0.8109375 0.4421875 0.0359375 0.0484375
1 0.86328125 0.41796875 0.03359375 0.03359375
1 0.86875 0.44609375 0.0453125 0.0453125
1 0.9171875 0.41796875 0.03125 0.04296875
1 0.94140625 0.4328125 0.0265625 0.03359375
1 0.9890625 0.4359375 0.0171875 0.05546875