0 0.95703125 0.390625 0.03828125 0.03828125
0 0.7359375 0.4 0.03828125 0.04375
0 0.15625 0.34921875 0.0625 0.08203125
0 0.01328125 0.34609375 0.021875 0.09375
0 0.30859375 0.37734375 0.05078125 0.075
0 0.26796875 0.36875 0.0453125 0.0671875
0 0.4109375 0.37109375 0.053125 0.07734375
0 0.36875 0.36875 0.0359375 0.0625
0 0.50703125 0.38046875 0.0484375 0.0625
0 0.68046875 0.4046875 0.02421875 0.03828125
0 0.64921875 0.42421875 0.03359375 0.04375
0 0.6453125 0.38046875 0.03125 0.04375
0 0.6078125 0.4109375 0.03828125 0.05078125
0 0.5609375 0.38046875 0.05078125 0.0625
0 0.46640625 0.378125 0.03359375 0.0578125
0 0.1546875 0.01328125 0.06484375 0.0265625
0 0.0140625 0.01796875 0.02421875 0.0359375