0 0.2828125 0.5046875 0.05078125 0.0765625
0 0.80859375 0.50859375 0.06015625 0.06484375
0 0.5203125 0.4828125 0.0453125 0.071875
0 0.384375 0.5015625 0.0484375 0.06484375
0 0.646875 0.478125 0.053125 0.0671875
0 0.58203125 0.49375 0.0484375 0.06953125
0 0.71640625 0.36796875 0.0578125 0.071875
0 0.615625 0.35234375 0.053125 0.06953125
0 0.47265625 0.49609375 0.0453125 0.06953125
0 0.52421875 0.23828125 0.0484375 0.071875
0 0.74609375 0.51328125 0.05546875 0.06953125
0 0.15390625 0.49296875 0.0578125 0.0625
0 0.21171875 0.47265625 0.0484375 0.05546875
0 0.2453125 0.42890625 0.03828125 0.06015625
0 0.35546875 0.38125 0.04296875 0.07421875
0 0.4625 0.365625 0.0359375 0.0625
0 0.52421875 0.025 0.0515625 0.05