1 0.0828125 0.3796875 0.06484375 0.06484375
1 0.11171875 0.409375 0.0359375 0.04375
1 0.14453125 0.409375 0.02890625 0.03828125
1 0.23046875 0.38046875 0.04296875 0.0484375
0 0.2640625 0.39296875 0.03359375 0.0484375
1 0.328125 0.3984375 0.03125 0.05078125
1 0.353125 0.39609375 0.03359375 0.0359375
1 0.4375 0.3890625 0.02890625 0.0359375
1 0.46640625 0.4 0.02890625 0.03359375
1 0.5296875 0.3984375 0.0359375 0.0359375
1 0.5609375 0.41328125 0.0265625 0.0359375
1 0.59765625 0.415625 0.0265625 0.0359375
1 0.696875 0.4109375 0.02421875 0.0359375
1 0.8484375 0.3828125 0.02890625 0.03828125
1 0.8234375 0.38515625 0.021875 0.02890625
1 0.0828125 0.07578125 0.06484375 0.06484375
1 0.11171875 0.04375 0.0359375 0.04375
1 0.14453125 0.04375 0.02890625 0.03828125
1 0.23046875 0.07265625 0.04296875 0.0484375
0 0.2640625 0.06015625 0.03359375 0.0484375
1 0.328125 0.05625 0.03125 0.05078125
1 0.353125 0.059375 0.03359375 0.0359375
1 0.4375 0.06640625 0.02890625 0.0359375
1 0.46640625 0.053125 0.02890625 0.03359375
1 0.5296875 0.05625 0.0359375 0.0359375
1 0.5609375 0.0421875 0.0265625 0.0359375
1 0.59765625 0.03984375 0.0265625 0.0359375
1 0.696875 0.04453125 0.02421875 0.0359375
1 0.8484375 0.06953125 0.02890625 0.03828125
1 0.8234375 0.0671875 0.021875 0.02890625