1 0.78515625 0.4390625 0.05546875 0.06015625
1 0.59375 0.453125 0.03359375 0.0359375
1 0.5171875 0.446875 0.03359375 0.03828125
1 0.44140625 0.446875 0.0359375 0.04296875
1 0.334375 0.4421875 0.03359375 0.03828125
1 0.290625 0.446875 0.03359375 0.03828125
1 0.25703125 0.4515625 0.03359375 0.03359375
1 0.1890625 0.4421875 0.0359375 0.0484375
1 0.13671875 0.41796875 0.03359375 0.03359375
1 0.13125 0.44609375 0.0453125 0.0453125
1 0.0828125 0.41796875 0.03125 0.04296875
1 0.05859375 0.4328125 0.0265625 0.03359375
1 0.0109375 0.4359375 0.0171875 0.05546875