0 0.44375 0.4515625 0.06015625 0.0796875
0 0.93046875 0.5359375 0.0671875 0.06484375
0 0.14296875 0.453125 0.0453125 0.0484375
0 0.55546875 0.4578125 0.0578125 0.053125
0 0.7546875 0.46953125 0.02890625 0.03359375
0 0.7296875 0.42734375 0.021875 0.021875
0 0.31875 0.43125 0.05078125 0.0484375
0 0.2640625 0.47578125 0.04296875 0.05546875
0 0.41015625 0.45625 0.0265625 0.040625
0 0.609375 0.44375 0.03125 0.03359375
0 0.3859375 0.421875 0.021875 0.02890625
0 0.50859375 0.4265625 0.021875 0.01953125
1 0.0796875 0.45625 0.0484375 0.06484375
1 0.62265625 0.46484375 0.04296875 0.053125
1 0.4953125 0.45078125 0.02890625 0.03359375
2 0.9109375 0.6484375 0.16796875 0.284375
2 0.7703125 0.54453125 0.06484375 0.1828125
2 0.7328125 0.47578125 0.04296875 0.11796875
1 0.7953125 0.42890625 0.0140625 0.01953125
2 0.80390625 0.446875 0.040625 0.05546875
2 0.6390625 0.58515625 0.08203125 0.29375
2 0.45546875 0.62265625 0.1515625 0.40234375
2 0.08671875 0.60234375 0.1390625 0.36171875
2 0.16015625 0.5578125 0.0890625 0.23828125
2 0.26953125 0.5953125 0.08203125 0.30390625
2 0.33046875 0.559375 0.07421875 0.30390625
2 0.38125 0.45546875 0.040625 0.1015625
2 0.50859375 0.50390625 0.06953125 0.13046875
2 0.56953125 0.6046875 0.08203125 0.3421875
2 0.665625 0.46484375 0.04296875 0.13046875
2 0.634375 0.40390625 0.03828125 0.06953125
0 0.66484375 0.41171875 0.0171875 0.02421875
0 0.63359375 0.38046875 0.021875 0.02421875
2 0.9125 0.9375 0.1703125 0.1203125
2 0.640625 0.96640625 0.084375 0.0625
2 0.4546875 0.9203125 0.15390625 0.15390625
2 0.0875 0.940625 0.1421875 0.11328125
2 0.2703125 0.959375 0.084375 0.07734375
2 0.57109375 0.94453125 0.084375 0.10625