0 0.22109375 0.646875 0.071875 0.0765625
0 0.22109375 0.54453125 0.0578125 0.06484375
0 0.2921875 0.38203125 0.03125 0.053125
0 0.3484375 0.6109375 0.0484375 0.053125
0 0.48203125 0.52734375 0.040625 0.0453125
0 0.50234375 0.5015625 0.04296875 0.0453125
0 0.55859375 0.53828125 0.05078125 0.04296875
0 0.92578125 0.29296875 0.03828125 0.0671875
0 0.896875 0.31953125 0.03359375 0.0484375
0 0.87734375 0.30625 0.03359375 0.05078125
1 0.9578125 0.3078125 0.0453125 0.0578125
1 0.9734375 0.375 0.03828125 0.0578125