1 0.9859375 0.57109375 0.02421875 0.08203125
1 0.96875 0.5265625 0.0578125 0.06484375
1 0.75390625 0.51484375 0.07421875 0.06953125
1 0.7953125 0.63828125 0.14921875 0.15390625
1 0.3859375 0.55390625 0.0796875 0.09609375
1 0.34140625 0.52734375 0.0484375 0.07734375
1 0.671875 0.49609375 0.0453125 0.0578125
1 0.56015625 0.49609375 0.03828125 0.0484375
1 0.4578125 0.48515625 0.0453125 0.04609375
1 0.26796875 0.49765625 0.0453125 0.05546875
1 0.13125 0.521875 0.06484375 0.075
1 0.0796875 0.51328125 0.0578125 0.0671875
1 0.79453125 0.97265625 0.1515625 0.05078125