0 0.43515625 0.44921875 0.08203125 0.11328125
0 0.59140625 0.35546875 0.0484375 0.06015625
0 0.69453125 0.42734375 0.03359375 0.040625
0 0.725 0.40703125 0.0265625 0.03359375
0 0.828125 0.32265625 0.0265625 0.03359375
0 0.95546875 0.34453125 0.021875 0.03359375
0 0.740625 0.32421875 0.01953125 0.03125
0 0.625 0.32734375 0.03828125 0.0484375
0 0.30390625 0.3203125 0.0171875 0.02890625
0 0.1875 0.30390625 0.02421875 0.03828125
0 0.8296875 0.0046875 0.02890625 0.009375
0 0.7390625 0.00390625 0.021875 0.00703125
0 0.6234375 0.00625 0.040625 0.01171875
0 0.30546875 0.0046875 0.01953125 0.009375
0 0.1859375 0.015625 0.0265625 0.03125