1 0.06015625 0.32578125 0.071875 0.0890625
1 0.36640625 0.40859375 0.05078125 0.0625
1 0.16953125 0.35546875 0.0453125 0.0578125
1 0.0828125 0.35703125 0.0453125 0.06015625
1 0.31640625 0.35234375 0.0359375 0.0453125
1 0.38125 0.3390625 0.0453125 0.04296875
1 0.475 0.3765625 0.0359375 0.0453125
1 0.4703125 0.3390625 0.0359375 0.04296875
1 0.5140625 0.3578125 0.04296875 0.0484375
1 0.59765625 0.353125 0.0265625 0.0484375
1 0.65390625 0.36171875 0.03828125 0.05546875
1 0.725 0.334375 0.05078125 0.0671875
1 0.834375 0.36328125 0.03359375 0.04296875