1 0.484375 0.3328125 0.06953125 0.0796875
1 0.1046875 0.28125 0.11796875 0.1203125
1 0.3484375 0.35078125 0.0625 0.0765625
1 0.64453125 0.33984375 0.0625 0.06953125
1 0.29453125 0.35 0.05546875 0.07421875
1 0.1828125 0.3453125 0.0578125 0.06953125
1 0.415625 0.334375 0.0578125 0.0671875
1 0.75 0.36796875 0.04296875 0.053125
1 0.4859375 0.0328125 0.071875 0.06484375
1 0.1046875 0.07421875 0.11796875 0.1203125
1 0.34765625 0.02265625 0.06484375 0.0453125
1 0.64296875 0.0265625 0.06484375 0.053125
1 0.2953125 0.02265625 0.0578125 0.0453125
1 0.18125 0.02421875 0.06015625 0.0484375
1 0.41484375 0.02890625 0.06015625 0.0578125
1 0.7484375 0.00859375 0.0453125 0.0171875