0 0.55625 0.4515625 0.06015625 0.0796875
0 0.06953125 0.5359375 0.0671875 0.06484375
0 0.85703125 0.453125 0.0453125 0.0484375
0 0.44453125 0.4578125 0.0578125 0.053125
0 0.2453125 0.46953125 0.02890625 0.03359375
0 0.2703125 0.42734375 0.021875 0.021875
0 0.68125 0.43125 0.05078125 0.0484375
0 0.7359375 0.47578125 0.04296875 0.05546875
0 0.58984375 0.45625 0.0265625 0.040625
0 0.390625 0.44375 0.03125 0.03359375
0 0.6140625 0.421875 0.021875 0.02890625
0 0.49140625 0.4265625 0.021875 0.01953125
1 0.9203125 0.45625 0.0484375 0.06484375
1 0.37734375 0.46484375 0.04296875 0.053125
1 0.5046875 0.45078125 0.02890625 0.03359375
2 0.0890625 0.6484375 0.16796875 0.284375
2 0.2296875 0.54453125 0.06484375 0.1828125
2 0.2671875 0.47578125 0.04296875 0.11796875
1 0.2046875 0.42890625 0.0140625 0.01953125
2 0.19609375 0.446875 0.040625 0.05546875
2 0.3609375 0.58515625 0.08203125 0.29375
2 0.54453125 0.62265625 0.1515625 0.40234375
2 0.91328125 0.60234375 0.1390625 0.36171875
2 0.83984375 0.5578125 0.0890625 0.23828125
2 0.73046875 0.5953125 0.08203125 0.30390625
2 0.66953125 0.559375 0.07421875 0.30390625
2 0.61875 0.45546875 0.040625 0.1015625
2 0.49140625 0.50390625 0.06953125 0.13046875
2 0.43046875 0.6046875 0.08203125 0.3421875
2 0.334375 0.46484375 0.04296875 0.13046875
2 0.365625 0.40390625 0.03828125 0.06953125
0 0.33515625 0.41171875 0.0171875 0.02421875
0 0.36640625 0.38046875 0.021875 0.02421875
2 0.0875 0.9375 0.1703125 0.1203125
2 0.359375 0.96640625 0.084375 0.0625
2 0.5453125 0.9203125 0.15390625 0.15390625
2 0.9125 0.940625 0.1421875 0.11328125
2 0.7296875 0.959375 0.084375 0.07734375
2 0.42890625 0.94453125 0.084375 0.10625