0 0.125 0.2953125 0.1296875 0.16796875
0 0.228125 0.32578125 0.08203125 0.103125
0 0.040625 0.28828125 0.0765625 0.125
1 0.56875 0.3078125 0.13671875 0.15390625
1 0.68515625 0.25390625 0.1109375 0.12734375
1 0.8484375 0.35546875 0.0578125 0.08203125
1 0.8953125 0.35546875 0.0453125 0.0578125
1 0.97109375 0.321875 0.0484375 0.10546875
0 0.1265625 0.078125 0.13203125 0.15625
0 0.2296875 0.046875 0.084375 0.09375
0 0.040625 0.0765625 0.0765625 0.125
1 0.5671875 0.06875 0.1390625 0.13671875
1 0.68515625 0.1140625 0.1109375 0.12734375
1 0.85 0.0265625 0.06015625 0.053125
1 0.89453125 0.0203125 0.0484375 0.040625
1 0.97265625 0.04921875 0.05078125 0.0984375