0 0.94609375 0.375 0.06953125 0.09140625
0 0.0484375 0.4125 0.0578125 0.07421875
0 0.75234375 0.39453125 0.0578125 0.071875
0 0.8484375 0.39296875 0.0578125 0.07421875
0 0.65390625 0.39453125 0.053125 0.0671875
0 0.49765625 0.4078125 0.053125 0.06484375
0 0.27421875 0.4015625 0.0578125 0.0578125
0 0.19453125 0.42890625 0.053125 0.06015625
0 0.5828125 0.4109375 0.05546875 0.0671875
0 0.140625 0.415625 0.0453125 0.0625
0 0.421875 0.4046875 0.0453125 0.06015625
0 0.34765625 0.42890625 0.0453125 0.06015625
0 0.94375 0.0453125 0.071875 0.090625
0 0.04921875 0.02265625 0.06015625 0.0453125
0 0.75390625 0.03125 0.06015625 0.0625
0 0.85 0.0328125 0.06015625 0.06484375
0 0.65390625 0.0296875 0.0546875 0.059375
0 0.4984375 0.02265625 0.05546875 0.0453125
0 0.275 0.02421875 0.06015625 0.0484375
0 0.19609375 0.0109375 0.05546875 0.021875
0 0.58203125 0.021875 0.0578125 0.04296875
0 0.1390625 0.01796875 0.0484375 0.0359375
0 0.4203125 0.02265625 0.0484375 0.0453125
0 0.34609375 0.0109375 0.0484375 0.021875