0 0.79921875 0.73046875 0.06953125 0.08203125
0 0.78984375 0.59765625 0.0453125 0.0453125
1 0.10234375 0.49765625 0.05078125 0.0578125
1 0.24765625 0.5796875 0.071875 0.0625
1 0.16796875 0.5171875 0.0578125 0.0484375
1 0.1359375 0.5296875 0.040625 0.040625
1 0.90859375 0.6265625 0.03359375 0.0359375
1 0.89453125 0.66015625 0.04296875 0.0453125
1 0.7171875 0.6453125 0.05078125 0.05546875
1 0.7125 0.58203125 0.0359375 0.03828125
1 0.3453125 0.6453125 0.07421875 0.06484375
1 0.4234375 0.5953125 0.0578125 0.06015625
1 0.3765625 0.5625 0.0453125 0.053125
1 0.5203125 0.584375 0.040625 0.03359375
1 0.57109375 0.61328125 0.0453125 0.03828125
1 0.62109375 0.63203125 0.040625 0.053125
1 0.5 0.678125 0.0625 0.0578125
1 0.6703125 0.63125 0.04296875 0.05078125
1 0.5578125 0.5671875 0.02890625 0.03359375