0 0.1734375 0.3375 0.0625 0.084375
0 0.35078125 0.3421875 0.053125 0.0796875
1 0.63125 0.3265625 0.06953125 0.09140625
1 0.73203125 0.35234375 0.06484375 0.084375
1 0.303125 0.32109375 0.0765625 0.0890625
1 0.05859375 0.3078125 0.09375 0.1109375
1 0.853125 0.3609375 0.053125 0.0671875
1 0.5171875 0.34375 0.053125 0.0625
1 0.9625 0.3234375 0.06953125 0.19921875
0 0.1734375 0.009375 0.065625 0.01875
1 0.6296875 0.0171875 0.071875 0.03359375
1 0.30390625 0.01953125 0.0796875 0.03828125
1 0.0578125 0.03125 0.09609375 0.0625
1 0.9609375 0.0453125 0.071875 0.090625