0 0.4703125 0.290625 0.07421875 0.09140625
0 0.571875 0.27734375 0.0671875 0.084375
0 0.61796875 0.34609375 0.08203125 0.09609375
0 0.30546875 0.2484375 0.1109375 0.11328125
0 0.5171875 0.2359375 0.053125 0.0765625
0 0.19375 0.2609375 0.084375 0.11796875
0 0.4109375 0.2515625 0.053125 0.07421875
0 0.03984375 0.209375 0.05078125 0.0671875
0 0.13359375 0.2609375 0.05078125 0.084375
1 0.946875 0.3015625 0.09609375 0.11796875
1 0.8859375 0.3765625 0.13203125 0.13671875
0 0.46875 0.04453125 0.0765625 0.0890625
0 0.571875 0.05625 0.0671875 0.084375
0 0.61875 0.01796875 0.084375 0.0359375
0 0.30546875 0.08515625 0.1109375 0.11328125
0 0.5171875 0.09609375 0.053125 0.0765625
0 0.19375 0.0734375 0.084375 0.11796875
0 0.4109375 0.0828125 0.053125 0.07421875
0 0.03984375 0.12265625 0.05078125 0.0671875
0 0.13359375 0.0734375 0.05078125 0.084375
1 0.94765625 0.0453125 0.0984375 0.090625