0 0.1421875 0.415625 0.115625 0.1421875
0 0.74296875 0.42890625 0.0671875 0.08671875
0 0.4734375 0.44375 0.09140625 0.09140625
0 0.6234375 0.4359375 0.07421875 0.1015625
0 0.83984375 0.45078125 0.05078125 0.0671875
0 0.2796875 0.43125 0.05078125 0.09609375
0 0.35234375 0.42734375 0.06953125 0.0984375
0 0.915625 0.4578125 0.09609375 0.1109375
0 0.43046875 0.46171875 0.04296875 0.075
0 0.86640625 0.4671875 0.05546875 0.07734375
0 0.703125 0.46875 0.05546875 0.05546875
0 0.14296875 0.0484375 0.11796875 0.09609375
0 0.74296875 0.02734375 0.0703125 0.0546875
0 0.475 0.021875 0.09375 0.04375
0 0.62265625 0.02734375 0.0765625 0.0546875
0 0.8390625 0.01171875 0.053125 0.0234375
0 0.27890625 0.02890625 0.053125 0.0578125
0 0.35078125 0.03125 0.071875 0.0625
0 0.9171875 0.01953125 0.0984375 0.03828125
0 0.43125 0.00859375 0.0453125 0.0171875