0 0.8734375 0.3421875 0.0796875 0.1015625
0 0.796875 0.38203125 0.06953125 0.0984375
0 0.5984375 0.31953125 0.03359375 0.0359375
0 0.6671875 0.315625 0.0359375 0.04375
0 0.71875 0.315625 0.03359375 0.04375
0 0.79453125 0.32265625 0.0265625 0.03359375
0 0.47109375 0.3265625 0.08203125 0.11328125
0 0.240625 0.30859375 0.0765625 0.1109375
1 0.16484375 0.33046875 0.0453125 0.0578125
1 0.0828125 0.3171875 0.07421875 0.0890625
0 0.875 0.021875 0.08203125 0.04375
0 0.59765625 0.0171875 0.0359375 0.03359375
0 0.66796875 0.0203125 0.03828125 0.040625
0 0.7171875 0.0203125 0.0359375 0.040625
0 0.7953125 0.01484375 0.02890625 0.02890625
0 0.4703125 0.0328125 0.084375 0.06484375
0 0.23984375 0.040625 0.0796875 0.08125
1 0.165625 0.0171875 0.0484375 0.03359375
1 0.084375 0.03125 0.0765625 0.0625