0 0.02421875 0.30859375 0.0484375 0.09375
0 0.640625 0.3125 0.06015625 0.08671875
1 0.296875 0.32421875 0.1515625 0.1828125
1 0.76796875 0.25390625 0.1421875 0.18515625
1 0.07578125 0.3015625 0.06484375 0.09375
1 0.14921875 0.31953125 0.09140625 0.125
1 0.48203125 0.26328125 0.12734375 0.165625
1 0.915625 0.30625 0.09140625 0.11328125
1 0.5921875 0.34609375 0.0453125 0.0671875
1 0.2953125 0.01953125 0.15390625 0.03828125
1 0.7671875 0.05546875 0.14453125 0.1109375
1 0.48046875 0.0453125 0.1296875 0.090625