0 0.609375 0.29609375 0.06484375 0.08671875
0 0.71015625 0.29296875 0.0796875 0.10859375
0 0.20546875 0.31796875 0.07421875 0.09609375
0 0.3890625 0.3109375 0.08203125 0.1109375
0 0.4546875 0.2984375 0.053125 0.08671875
0 0.1078125 0.29765625 0.115625 0.1421875
0 0.9359375 0.315625 0.11796875 0.13515625
0 0.2546875 0.321875 0.0625 0.09375
0 0.6109375 0.02421875 0.0671875 0.0484375
0 0.71171875 0.03125 0.08203125 0.0625
0 0.20703125 0.015625 0.0765625 0.03125
0 0.3890625 0.02265625 0.084375 0.0453125
0 0.45390625 0.02265625 0.0546875 0.0453125
0 0.10703125 0.0375 0.11796875 0.075
0 0.9375 0.0265625 0.1203125 0.053125
0 0.25390625 0.01328125 0.06484375 0.0265625