1 0.52265625 0.446875 0.0359375 0.05078125
1 0.9171875 0.43046875 0.05546875 0.06015625
1 0.78125 0.44375 0.0484375 0.0578125
1 0.80859375 0.4359375 0.03125 0.04375
1 0.7171875 0.4328125 0.040625 0.05546875
1 0.6921875 0.4515625 0.03828125 0.04609375
1 0.6453125 0.459375 0.040625 0.05546875
1 0.6078125 0.46015625 0.03359375 0.0484375
1 0.34765625 0.44609375 0.05546875 0.0578125
1 0.04296875 0.46171875 0.03359375 0.04609375
1 0.06640625 0.46640625 0.0265625 0.040625
1 0.17421875 0.47109375 0.0453125 0.05078125
1 0.26796875 0.45390625 0.040625 0.05078125