1 0.1140625 0.2328125 0.13203125 0.16328125
0 0.1828125 0.25703125 0.071875 0.1296875
0 0.31640625 0.31875 0.1421875 0.165625
0 0.44140625 0.3078125 0.0890625 0.1296875
0 0.52421875 0.2859375 0.0578125 0.0765625
0 0.64453125 0.265625 0.071875 0.11796875
1 0.7234375 0.2796875 0.134375 0.19921875
1 0.828125 0.3140625 0.06015625 0.09375
1 0.9109375 0.24609375 0.16796875 0.23828125
1 0.11328125 0.05078125 0.134375 0.10078125
0 0.1828125 0.0296875 0.075 0.059375
0 0.6453125 0.02265625 0.07421875 0.0453125
1 0.725 0.0359375 0.13671875 0.071875
1 0.9125 0.0625 0.1703125 0.125