1 0.734375 0.27578125 0.0796875 0.0796875
1 0.5890625 0.29140625 0.071875 0.09609375
1 0.9 0.309375 0.0984375 0.12265625
1 0.509375 0.30390625 0.0578125 0.07265625
1 0.85234375 0.3 0.06484375 0.10390625
1 0.725 0.359375 0.084375 0.1109375
1 0.43515625 0.3203125 0.053125 0.0671875
1 0.35234375 0.315625 0.06015625 0.0578125
1 0.17578125 0.3265625 0.03828125 0.06484375
1 0.2703125 0.33359375 0.0453125 0.06484375
1 0.05546875 0.30859375 0.0484375 0.0578125
1 0.1 0.33515625 0.0359375 0.0484375
1 0.1515625 0.321875 0.02890625 0.05546875
1 0.5671875 0.33984375 0.04296875 0.0625
1 0.6421875 0.3015625 0.04296875 0.07734375
1 0.734375 0.059375 0.0796875 0.0796875
1 0.58984375 0.04609375 0.07421875 0.09140625
1 0.89921875 0.04375 0.10078125 0.08671875
1 0.5109375 0.03359375 0.06015625 0.0671875
1 0.85078125 0.04375 0.0671875 0.08671875
1 0.7234375 0.015625 0.08671875 0.03125
1 0.4359375 0.02421875 0.05546875 0.0484375
1 0.35078125 0.02421875 0.0625 0.0484375
1 0.1765625 0.0203125 0.040625 0.040625
1 0.26953125 0.0171875 0.0484375 0.03359375
1 0.05546875 0.02734375 0.0515625 0.0546875
1 0.09765625 0.01171875 0.0390625 0.0234375
1 0.15234375 0.0203125 0.03125 0.040625
1 0.56875 0.01328125 0.0453125 0.0265625
1 0.64296875 0.0359375 0.0453125 0.071875