0 0.475 0.4359375 0.06484375 0.07421875
0 0.35078125 0.4484375 0.115625 0.11796875
0 0.5578125 0.475 0.0484375 0.06015625
0 0.60546875 0.46640625 0.03828125 0.0484375
0 0.62890625 0.4828125 0.03125 0.02421875
0 0.66015625 0.48203125 0.021875 0.021875
2 0.275 0.61640625 0.2765625 0.4203125
2 0.44609375 0.61328125 0.1515625 0.4234375
2 0.5359375 0.62265625 0.09140625 0.3703125
2 0.59375 0.60078125 0.0625 0.3078125
2 0.63359375 0.5625 0.040625 0.1875
2 0.6609375 0.53984375 0.03359375 0.13671875
2 0.2765625 0.91484375 0.27890625 0.165625
2 0.446875 0.915625 0.15390625 0.16328125
2 0.53515625 0.92421875 0.09375 0.146875
2 0.5921875 0.95078125 0.06484375 0.09375