0 0.42421875 0.284375 0.11328125 0.115625
0 0.50234375 0.315625 0.15390625 0.14453125
0 0.9578125 0.315625 0.06015625 0.0671875
0 0.7484375 0.30859375 0.06484375 0.0671875
0 0.853125 0.4 0.0578125 0.0625
0 0.703125 0.35078125 0.07421875 0.0796875
1 0.75 0.20234375 0.0484375 0.0625
1 0.6390625 0.21796875 0.04296875 0.05546875
1 0.57109375 0.215625 0.06015625 0.06015625
1 0.296875 0.28828125 0.05078125 0.06015625
1 0.3328125 0.21484375 0.05546875 0.0625
1 0.490625 0.215625 0.053125 0.06015625
1 0.1890625 0.2015625 0.040625 0.05546875