1 0.88125 0.4171875 0.084375 0.08671875
1 0.65 0.41484375 0.05546875 0.07265625
1 0.5359375 0.42890625 0.0625 0.07265625
1 0.7703125 0.41328125 0.06015625 0.06484375
1 0.59375 0.42890625 0.0484375 0.0625
1 0.3125 0.42265625 0.0484375 0.06484375
1 0.18984375 0.440625 0.053125 0.0671875
1 0.0265625 0.4625 0.0484375 0.07265625
1 0.2640625 0.44609375 0.0484375 0.0578125
1 0.3484375 0.43515625 0.04296875 0.05546875
1 0.4046875 0.42734375 0.040625 0.04609375
1 0.9671875 0.415625 0.03125 0.04609375
1 0.68515625 0.41953125 0.03359375 0.0484375
1 0.72265625 0.42421875 0.03125 0.0484375
1 0.87890625 0.0359375 0.0859375 0.071875
1 0.64921875 0.03359375 0.0578125 0.0671875
1 0.5375 0.0265625 0.06484375 0.053125
1 0.76953125 0.0328125 0.0625 0.06484375
1 0.5953125 0.02421875 0.05078125 0.0484375
1 0.31328125 0.02734375 0.0515625 0.0546875
1 0.19140625 0.01953125 0.05546875 0.03828125
1 0.0265625 0.009375 0.05 0.01875
1 0.265625 0.01484375 0.05078125 0.02890625
1 0.35 0.01953125 0.0453125 0.03828125
1 0.40390625 0.0203125 0.04296875 0.040625
1 0.9671875 0.03046875 0.03125 0.04609375
1 0.68515625 0.02421875 0.03359375 0.0484375
1 0.7203125 0.02265625 0.034375 0.0453125