0 0.58828125 0.759375 0.0578125 0.0765625
0 0.384375 0.73203125 0.0359375 0.05078125
0 0.45546875 0.7515625 0.02890625 0.05078125
0 0.53125 0.2921875 0.0265625 0.03125
1 0.2328125 0.7203125 0.021875 0.0265625
1 0.31171875 0.73046875 0.021875 0.02421875
1 0.1953125 0.703125 0.01953125 0.0265625
1 0.26953125 0.7296875 0.01953125 0.021875
1 0.25390625 0.709375 0.0171875 0.01953125
1 0.29765625 0.7203125 0.0171875 0.021875
1 0.33125 0.72265625 0.0171875 0.0265625
1 0.3484375 0.7171875 0.021875 0.0265625
1 0.475 0.72734375 0.01953125 0.0171875
1 0.53359375 0.73046875 0.0171875 0.02421875
1 0.69375 0.74140625 0.01953125 0.021875
1 0.44453125 0.72578125 0.0171875 0.01953125
1 0.10234375 0.7203125 0.021875 0.0265625
1 0.02265625 0.73046875 0.021875 0.02421875
1 0.1375 0.703125 0.01953125 0.0265625
1 0.0625 0.7296875 0.01953125 0.021875
1 0.08046875 0.709375 0.0171875 0.01953125
1 0.0375 0.7203125 0.0171875 0.021875
1 0.00625 0.72109375 0.01171875 0.02890625
1 0.9734375 0.74140625 0.01953125 0.021875