0 0.25859375 0.75625 0.09375 0.0984375
0 0.078125 0.65390625 0.0984375 0.09609375
0 0.58046875 0.8125 0.084375 0.08671875
0 0.39765625 0.44921875 0.06953125 0.071875
0 0.665625 0.55546875 0.071875 0.071875
0 0.78984375 0.2828125 0.06015625 0.06484375
0 0.77734375 0.678125 0.0796875 0.0671875
0 0.609375 0.5203125 0.05078125 0.06484375
0 0.3765625 0.3953125 0.06015625 0.06015625
0 0.2828125 0.4390625 0.06953125 0.06484375
0 0.5265625 0.5328125 0.053125 0.06484375
0 0.72578125 0.81015625 0.09140625 0.08671875
0 0.87109375 0.74609375 0.0890625 0.06953125
0 0.90390625 0.24375 0.0625 0.06953125
0 0.9171875 0.16796875 0.05546875 0.0578125
0 0.86796875 0.15625 0.0578125 0.03828125
0 0.25703125 0.9578125 0.09609375 0.0796875
0 0.58046875 0.9109375 0.084375 0.08671875
0 0.78828125 0.0109375 0.0625 0.021875
0 0.72578125 0.91328125 0.09140625 0.08671875
0 0.8703125 0.9703125 0.09140625 0.05546875
0 0.9046875 0.03125 0.06484375 0.0625
0 0.9171875 0.10078125 0.05546875 0.0578125
0 0.86796875 0.11328125 0.0578125 0.03828125