0 0.209375 0.28671875 0.0578125 0.0578125
0 0.88125 0.4828125 0.040625 0.05546875
0 0.54296875 0.5484375 0.0484375 0.05078125
0 0.52890625 0.521875 0.0484375 0.04609375
0 0.15625 0.3203125 0.02890625 0.03828125
0 0.2609375 0.43125 0.0453125 0.03828125
0 0.446875 0.340625 0.0140625 0.0171875
0 0.509375 0.34453125 0.01953125 0.01953125
0 0.48671875 0.3375 0.0171875 0.01953125
0 0.46875 0.34375 0.0140625 0.0171875
2 0.87734375 0.578125 0.08671875 0.2359375
2 0.55390625 0.67578125 0.19453125 0.2625
2 0.2015625 0.42734375 0.0671875 0.33046875
2 0.20546875 0.484375 0.146875 0.15390625
2 0.1453125 0.39375 0.0453125 0.17109375
2 0.5046875 0.56640625 0.08203125 0.13046875
2 0.50625 0.38046875 0.021875 0.08671875
2 0.44140625 0.378125 0.0265625 0.09609375
2 0.4671875 0.378125 0.021875 0.09140625
2 0.48671875 0.37734375 0.021875 0.0984375
0 0.209375 0.04609375 0.0578125 0.0578125
0 0.1546875 0.0171875 0.03125 0.03359375
0 0.48828125 0.00390625 0.01953125 0.00703125
2 0.55546875 0.92890625 0.196875 0.1375
2 0.2015625 0.0359375 0.06875 0.071875