0 0.975 0.41171875 0.0453125 0.115625
1 0.4953125 0.47734375 0.08203125 0.09609375
1 0.6390625 0.4890625 0.0765625 0.09609375
1 0.35078125 0.5015625 0.08203125 0.1109375
1 0.29296875 0.51953125 0.0578125 0.084375
1 0.459375 0.415625 0.0578125 0.06953125
1 0.5671875 0.4109375 0.0578125 0.06953125
1 0.0515625 0.4375 0.0453125 0.06484375
1 0.19140625 0.425 0.05078125 0.06953125
1 0.20546875 0.3828125 0.0453125 0.0578125
1 0.64921875 0.43515625 0.0671875 0.06484375
1 0.1515625 0.44921875 0.04296875 0.06953125
1 0.14296875 0.3953125 0.0453125 0.053125
1 0.53515625 0.453125 0.0453125 0.0671875
1 0.0765625 0.4171875 0.03359375 0.053125
1 0.01328125 0.4046875 0.021875 0.0578125