0 0.56640625 0.61796875 0.05078125 0.05078125
0 0.95546875 0.640625 0.05546875 0.053125
0 0.13203125 0.590625 0.04296875 0.0484375
0 0.35546875 0.48828125 0.03828125 0.0359375
0 0.24140625 0.46953125 0.03125 0.03359375
0 0.06953125 0.49140625 0.02890625 0.03359375
0 0.37109375 0.54453125 0.0265625 0.02421875
0 0.521875 0.43125 0.02421875 0.02890625
0 0.490625 0.421875 0.02890625 0.02890625
0 0.75859375 0.4171875 0.040625 0.03359375
0 0.10078125 0.41796875 0.02890625 0.021875
0 0.134375 0.40390625 0.02890625 0.0265625
0 0.18984375 0.38671875 0.01953125 0.021875
1 0.15390625 0.61328125 0.03359375 0.0359375
0 0.2609375 0.43359375 0.021875 0.02421875