0 0.6203125 0.69453125 0.05078125 0.0625
1 0.21953125 0.71875 0.02421875 0.0484375
1 0.2484375 0.74296875 0.02890625 0.03828125
1 0.32265625 0.73046875 0.04375 0.04296875
1 0.4375 0.734375 0.0359375 0.0359375
1 0.71796875 0.7359375 0.0484375 0.053125
1 0.753125 0.70546875 0.040625 0.0453125
1 0.6515625 0.709375 0.0359375 0.04296875
1 0.54375 0.70703125 0.0359375 0.04296875
1 0.58515625 0.70546875 0.03359375 0.0453125
1 0.4671875 0.72109375 0.03828125 0.03828125
1 0.38671875 0.725 0.040625 0.0453125
0 0.97265625 0.69453125 0.05078125 0.0625
1 0.190625 0.71875 0.02421875 0.0484375
1 0.16171875 0.74296875 0.02890625 0.03828125
1 0.08671875 0.73046875 0.04375 0.04296875
1 0.87265625 0.7359375 0.0484375 0.053125
1 0.83984375 0.70546875 0.040625 0.0453125
1 0.940625 0.709375 0.0359375 0.04296875
1 0.99296875 0.7046875 0.009375 0.0484375
1 0.025 0.725 0.040625 0.0453125