0 0.3796875 0.43984375 0.0578125 0.0671875
0 0.5015625 0.4390625 0.05078125 0.06953125
0 0.23203125 0.475 0.05078125 0.06953125
0 0.94140625 0.47734375 0.0453125 0.06953125
1 0.83671875 0.46640625 0.053125 0.0625
1 0.146875 0.47265625 0.053125 0.06953125
1 0.65390625 0.44921875 0.04296875 0.0578125
0 0.31640625 0.4578125 0.0359375 0.05546875
1 0.53359375 0.4546875 0.03359375 0.053125
1 0.7328125 0.47265625 0.03359375 0.040625
1 0.4546875 0.46171875 0.02890625 0.04296875
1 0.6078125 0.4546875 0.03828125 0.03828125