0 0.7296875 0.4046875 0.05078125 0.0484375
0 0.15390625 0.5328125 0.0484375 0.0484375
0 0.65 0.42890625 0.0359375 0.053125
0 0.76328125 0.42421875 0.0359375 0.053125
0 0.9125 0.353125 0.0453125 0.04609375
0 0.7296875 0.16875 0.05078125 0.0484375
0 0.15390625 0.040625 0.0484375 0.0484375
0 0.15390625 0.89609375 0.0484375 0.0484375
0 0.65 0.14453125 0.0359375 0.053125
0 0.64921875 0.98515625 0.03828125 0.02421875
0 0.76328125 0.14921875 0.0359375 0.053125
0 0.76171875 0.98828125 0.03828125 0.01953125
0 0.9125 0.22265625 0.0453125 0.04609375