0 0.3640625 0.25625 0.1421875 0.2046875
0 0.4375 0.3296875 0.09609375 0.15859375
0 0.24375 0.1984375 0.05078125 0.06953125
0 0.10546875 0.22109375 0.08203125 0.09609375
0 0.0453125 0.28515625 0.08671875 0.2953125
0 0.171875 0.2328125 0.0453125 0.0484375
0 0.63359375 0.1875 0.146875 0.1203125
1 0.29296875 0.17421875 0.08671875 0.09375
1 0.5 0.2125 0.0578125 0.0890625
0 0.36328125 0.04921875 0.14453125 0.0984375
0 0.24375 0.05390625 0.05078125 0.06953125
0 0.10703125 0.03984375 0.084375 0.0796875
0 0.046875 0.0578125 0.0890625 0.115625
0 0.1703125 0.021875 0.0484375 0.04296875
0 0.63359375 0.0625 0.146875 0.1203125
1 0.29296875 0.078125 0.08671875 0.09375
1 0.5015625 0.0421875 0.06015625 0.084375