1 0.1765625 0.309375 0.07421875 0.09375
1 0.53984375 0.3265625 0.06953125 0.0796875
1 0.71015625 0.3328125 0.06484375 0.07734375
1 0.37734375 0.3328125 0.0578125 0.08203125
1 0.2203125 0.33125 0.0453125 0.06953125
1 0.671875 0.35078125 0.03125 0.06484375
1 0.17578125 0.0359375 0.0765625 0.071875
1 0.53828125 0.02421875 0.071875 0.0484375
1 0.709375 0.0203125 0.0671875 0.040625
1 0.37890625 0.021875 0.06015625 0.04375
1 0.21875 0.01953125 0.0484375 0.03828125
1 0.6703125 0.00859375 0.03359375 0.0171875