0 0.86875 0.36875 0.084375 0.1078125
0 0.07421875 0.3140625 0.1203125 0.1421875
0 0.13125 0.415625 0.06953125 0.08203125
0 0.21171875 0.43984375 0.053125 0.0671875
0 0.47578125 0.4328125 0.03828125 0.0484375
0 0.6625 0.43359375 0.03125 0.0453125
0 0.79296875 0.44609375 0.04296875 0.06484375
0 0.29296875 0.44140625 0.02890625 0.0453125
0 0.6109375 0.44609375 0.03828125 0.0453125
0 0.84765625 0.4265625 0.0453125 0.07421875
0 0.43046875 0.478125 0.03359375 0.03359375
0 0.24609375 0.4578125 0.0359375 0.0453125
0 0.075 0.0453125 0.121875 0.090625