1 0.86171875 0.37734375 0.0796875 0.08671875
1 0.46171875 0.415625 0.0671875 0.09140625
1 0.24296875 0.4078125 0.0765625 0.103125
1 0.03515625 0.4703125 0.06015625 0.0890625
1 0.18359375 0.39921875 0.06484375 0.08203125
1 0.74765625 0.3609375 0.09609375 0.1109375
1 0.55625 0.40625 0.09375 0.1109375
1 0.94140625 0.40390625 0.05546875 0.0671875
1 0.703125 0.3890625 0.06015625 0.09609375
1 0.35 0.390625 0.0890625 0.11328125
1 0.08046875 0.43359375 0.0453125 0.084375
1 0.86171875 0.05546875 0.0796875 0.08671875
1 0.4625 0.0328125 0.06953125 0.06484375
1 0.24375 0.03984375 0.0796875 0.0796875
1 0.1828125 0.03828125 0.0671875 0.0765625
1 0.74765625 0.071875 0.09609375 0.1109375
1 0.55546875 0.0421875 0.09609375 0.084375
1 0.93984375 0.0328125 0.0578125 0.06484375
1 0.7015625 0.046875 0.0625 0.09375
1 0.3484375 0.05078125 0.09140625 0.10078125
1 0.0796875 0.021875 0.0484375 0.04296875