0 0.178125 0.30859375 0.1734375 0.1734375
0 0.734375 0.36171875 0.146875 0.1640625
0 0.60703125 0.39765625 0.11328125 0.13046875
0 0.30390625 0.31484375 0.11796875 0.1421875
0 0.09140625 0.32734375 0.0578125 0.07265625
0 0.703125 0.30234375 0.11796875 0.10390625
0 0.9625 0.3359375 0.06953125 0.22890625
0 0.178125 0.13046875 0.1734375 0.1734375
0 0.73203125 0.08046875 0.1484375 0.1609375
0 0.6046875 0.05390625 0.115625 0.1078125
0 0.30390625 0.1265625 0.11796875 0.1421875
0 0.09140625 0.1109375 0.0578125 0.07265625
0 0.703125 0.13828125 0.11796875 0.10390625
0 0.9609375 0.109375 0.071875 0.21875