0 0.5984375 0.375 0.1109375 0.1296875
0 0.85234375 0.42421875 0.06953125 0.084375
0 0.1546875 0.42421875 0.0796875 0.0984375
0 0.09765625 0.41796875 0.05078125 0.0671875
0 0.77421875 0.40234375 0.053125 0.06953125
0 0.39765625 0.44921875 0.0984375 0.15859375
0 0.95703125 0.39296875 0.053125 0.1078125
0 0.453125 0.39921875 0.03125 0.0484375
0 0.72109375 0.42421875 0.04296875 0.0453125
0 0.69453125 0.4078125 0.02421875 0.03125
1 0.50703125 0.39296875 0.03359375 0.0453125
0 0.6 0.0625 0.11328125 0.125
0 0.85078125 0.0265625 0.071875 0.053125
0 0.153125 0.0296875 0.08125 0.059375
0 0.0953125 0.025 0.053125 0.05
0 0.775 0.03359375 0.05546875 0.0671875
0 0.396875 0.0328125 0.10078125 0.06484375
0 0.9578125 0.0484375 0.05546875 0.09609375
0 0.453125 0.03359375 0.03125 0.0484375
0 0.72265625 0.0171875 0.0453125 0.03359375
0 0.69453125 0.02734375 0.02421875 0.03125
1 0.50703125 0.0421875 0.03359375 0.0453125