1 0.3140625 0.3953125 0.05546875 0.0578125
1 0.46015625 0.38203125 0.03125 0.05546875
1 0.1046875 0.39609375 0.040625 0.04609375
1 0.2703125 0.38203125 0.03125 0.04609375
1 0.34765625 0.39140625 0.0265625 0.03125
1 0.4828125 0.39140625 0.01953125 0.0359375
1 0.5 0.39375 0.02421875 0.03125
1 0.546875 0.39375 0.03125 0.040625
1 0.6265625 0.3984375 0.03125 0.03125
1 0.671875 0.390625 0.040625 0.0484375
1 0.703125 0.3796875 0.03125 0.04609375
1 0.3140625 0.1109375 0.05546875 0.0578125
1 0.46015625 0.1265625 0.03125 0.05546875
1 0.1046875 0.11171875 0.040625 0.04609375
1 0.2703125 0.1265625 0.03125 0.04609375
1 0.34765625 0.1171875 0.0265625 0.03125
1 0.4828125 0.1171875 0.01953125 0.0359375
1 0.5 0.11484375 0.02421875 0.03125
1 0.546875 0.11484375 0.03125 0.040625
1 0.6265625 0.109375 0.03125 0.03125
1 0.671875 0.115625 0.040625 0.0484375
1 0.703125 0.12890625 0.03125 0.04609375