0 0.525 0.4359375 0.06484375 0.07421875
0 0.64921875 0.4484375 0.115625 0.11796875
0 0.4421875 0.475 0.0484375 0.06015625
0 0.39453125 0.46640625 0.03828125 0.0484375
0 0.37109375 0.4828125 0.03125 0.02421875
0 0.33984375 0.48203125 0.021875 0.021875
2 0.725 0.61640625 0.2765625 0.4203125
2 0.55390625 0.61328125 0.1515625 0.4234375
2 0.4640625 0.62265625 0.09140625 0.3703125
2 0.40625 0.60078125 0.0625 0.3078125
2 0.36640625 0.5625 0.040625 0.1875
2 0.3390625 0.53984375 0.03359375 0.13671875
2 0.7234375 0.91484375 0.27890625 0.165625
2 0.553125 0.915625 0.15390625 0.16328125
2 0.46484375 0.92421875 0.09375 0.146875
2 0.4078125 0.95078125 0.06484375 0.09375