0 0.63125 0.259375 0.06953125 0.08203125
0 0.57109375 0.32578125 0.06953125 0.1078125
0 0.81875 0.40390625 0.12265625 0.14921875
0 0.40625 0.2796875 0.071875 0.1078125
0 0.71484375 0.24296875 0.06953125 0.0765625
0 0.515625 0.26171875 0.06015625 0.071875
0 0.70703125 0.31875 0.0765625 0.11328125
0 0.90625 0.2765625 0.08671875 0.10078125
0 0.2015625 0.44609375 0.1390625 0.1609375
0 0.27265625 0.3328125 0.0796875 0.103125
0 0.77265625 0.30625 0.06953125 0.103125
0 0.10234375 0.33046875 0.09375 0.11328125
0 0.56875 0.24609375 0.05546875 0.07421875
0 0.084375 0.4328125 0.1296875 0.15859375
0 0.63828125 0.36171875 0.09375 0.12734375
0 0.34375 0.37265625 0.10546875 0.1296875
0 0.46484375 0.35546875 0.103125 0.15390625
0 0.97265625 0.38125 0.05078125 0.13671875
0 0.34765625 0.25 0.0453125 0.071875
0 0.24375 0.26953125 0.06015625 0.0625
0 0.63125 0.1109375 0.06953125 0.08203125
0 0.56953125 0.05078125 0.071875 0.10078125
0 0.8171875 0.021875 0.125 0.04296875
0 0.40625 0.0921875 0.071875 0.1078125
0 0.71484375 0.12734375 0.06953125 0.0765625
0 0.515625 0.1078125 0.06015625 0.071875
0 0.7078125 0.05546875 0.0796875 0.1109375
0 0.90625 0.09375 0.08671875 0.10078125
0 0.27109375 0.0453125 0.0828125 0.090625
0 0.77265625 0.06640625 0.06953125 0.103125
0 0.10078125 0.04921875 0.09609375 0.0984375
0 0.56875 0.1265625 0.05546875 0.07421875
0 0.63671875 0.0375 0.09609375 0.07421875
0 0.3453125 0.0328125 0.1078125 0.06484375
0 0.4640625 0.046875 0.10546875 0.09375
0 0.9703125 0.0296875 0.053125 0.059375
0 0.34765625 0.1203125 0.0453125 0.071875
0 0.24375 0.10078125 0.06015625 0.0625