0 0.05859375 0.29921875 0.1171875 0.1703125
0 0.58046875 0.321875 0.09375 0.1109375
0 0.3078125 0.3328125 0.10078125 0.12265625
0 0.7703125 0.2953125 0.103125 0.134375
0 0.4265625 0.32578125 0.084375 0.11796875
0 0.18046875 0.35 0.115625 0.13671875
0 0.88203125 0.3578125 0.0765625 0.1203125
0 0.05859375 0.06015625 0.1171875 0.1203125
0 0.5796875 0.03359375 0.09609375 0.0671875
0 0.30859375 0.03125 0.103125 0.0625
0 0.76953125 0.053125 0.10546875 0.10546875
0 0.42578125 0.03359375 0.08671875 0.0671875
0 0.18125 0.0265625 0.11796875 0.053125
0 0.88359375 0.01796875 0.0796875 0.0359375