1 0.33203125 0.37578125 0.08671875 0.09609375
1 0.0828125 0.31328125 0.0984375 0.10625
1 0.953125 0.340625 0.0890625 0.11796875
1 0.55625 0.34453125 0.06484375 0.08203125
1 0.4703125 0.34609375 0.05078125 0.06953125
1 0.28359375 0.31328125 0.0578125 0.07265625
1 0.75625 0.325 0.06484375 0.07734375
1 0.7125 0.31171875 0.0453125 0.06953125
1 0.509375 0.29140625 0.04296875 0.07265625
1 0.38828125 0.31171875 0.0453125 0.06015625
1 0.20703125 0.29765625 0.0484375 0.05546875
1 0.334375 0.31484375 0.03359375 0.04609375
1 0.87109375 0.31328125 0.0359375 0.04375
1 0.7953125 0.31796875 0.03359375 0.0484375
1 0.08203125 0.0375 0.10078125 0.075
1 0.9515625 0.0265625 0.09140625 0.053125
1 0.55546875 0.015625 0.0671875 0.03125
1 0.46875 0.01171875 0.053125 0.0234375
1 0.28515625 0.02890625 0.06015625 0.0578125
1 0.7546875 0.02421875 0.0671875 0.0484375
1 0.71171875 0.02890625 0.0484375 0.0578125
1 0.509375 0.040625 0.04296875 0.07265625
1 0.38671875 0.0265625 0.0484375 0.053125
1 0.20703125 0.0375 0.0484375 0.05546875
1 0.33515625 0.021875 0.0359375 0.04375
1 0.8703125 0.021875 0.03828125 0.04375
1 0.796875 0.0203125 0.0359375 0.040625