0 0.71484375 0.29921875 0.07421875 0.0984375
0 0.296875 0.31484375 0.0796875 0.09609375
0 0.5296875 0.28359375 0.06953125 0.08671875
0 0.39765625 0.31484375 0.06484375 0.08671875
0 0.44453125 0.275 0.0578125 0.0796875
0 0.9640625 0.27890625 0.053125 0.0671875
0 0.23046875 0.25859375 0.0484375 0.06484375
0 0.92578125 0.2515625 0.0578125 0.06953125
0 0.140625 0.2671875 0.0453125 0.0578125
0 0.553125 0.2484375 0.0578125 0.0796875
0 0.44609375 0.00859375 0.06015625 0.0171875
0 0.23203125 0.01328125 0.05078125 0.0265625
0 0.9265625 0.01796875 0.06015625 0.0359375
0 0.1390625 0.00703125 0.0484375 0.0140625
0 0.55390625 0.021875 0.06015625 0.04296875