0 0.0625 0.27578125 0.071875 0.10390625
0 0.30859375 0.33125 0.07421875 0.0984375
0 0.21171875 0.30859375 0.071875 0.1015625
0 0.44375 0.3640625 0.0890625 0.115625
0 0.6421875 0.33515625 0.0578125 0.08203125
1 0.5953125 0.3046875 0.07421875 0.084375
2 0.0765625 0.5078125 0.153125 0.553125
2 0.20703125 0.5171875 0.1296875 0.51328125
2 0.32421875 0.53359375 0.1296875 0.4984375
2 0.459375 0.515625 0.14921875 0.41953125
2 0.5984375 0.43125 0.1390625 0.32265625
2 0.665625 0.40703125 0.09609375 0.2171875
0 0.0625 0.05390625 0.071875 0.10390625
0 0.3078125 0.02421875 0.0765625 0.0484375
0 0.21171875 0.0359375 0.0734375 0.071875
0 0.44140625 0.01171875 0.0921875 0.0234375
0 0.64296875 0.01796875 0.06015625 0.0359375
1 0.59375 0.03359375 0.0765625 0.0671875
2 0.32578125 0.94453125 0.13203125 0.10625