0 0.4484375 0.41953125 0.05546875 0.06484375
0 0.25390625 0.41484375 0.06484375 0.07421875
0 0.021875 0.4328125 0.03828125 0.071875
1 0.7796875 0.41015625 0.06015625 0.06953125
1 0.95546875 0.41953125 0.06015625 0.06953125
1 0.36640625 0.415625 0.05546875 0.0625
1 0.68046875 0.45703125 0.0578125 0.0625
1 0.30078125 0.4203125 0.04296875 0.0625
1 0.5140625 0.421875 0.053125 0.06015625
0 0.60703125 0.44921875 0.05546875 0.071875
0 0.44921875 0.0265625 0.0578125 0.053125
0 0.2546875 0.03125 0.0671875 0.0625
0 0.0203125 0.021875 0.040625 0.04296875
1 0.78125 0.0328125 0.0625 0.06484375
1 0.9578125 0.02734375 0.0625 0.0546875
1 0.36796875 0.02734375 0.0578125 0.0546875
1 0.67890625 0.00703125 0.06015625 0.0140625
1 0.29921875 0.025 0.0453125 0.05
1 0.51328125 0.02421875 0.05546875 0.0484375
0 0.6078125 0.01328125 0.0578125 0.0265625