0 0.415625 0.2640625 0.16328125 0.16328125
0 0.49296875 0.4390625 0.08203125 0.09375
0 0.1734375 0.43046875 0.0765625 0.1109375
0 0.021875 0.3734375 0.04296875 0.0890625
0 0.56484375 0.44453125 0.0578125 0.0625
0 0.5015625 0.35078125 0.03125 0.03828125
0 0.5984375 0.4203125 0.04296875 0.03828125
0 0.7296875 0.41015625 0.03125 0.0359375
0 0.84140625 0.36328125 0.02421875 0.03359375
0 0.6859375 0.3921875 0.03125 0.03359375
0 0.73828125 0.3703125 0.02421875 0.03359375
0 0.59609375 0.35234375 0.03359375 0.0359375
0 0.7125 0.3546875 0.021875 0.0359375
0 0.4171875 0.07578125 0.165625 0.1515625