0 0.14765625 0.3390625 0.0890625 0.1109375
0 0.884375 0.3734375 0.071875 0.09375
0 0.37734375 0.384375 0.0484375 0.0671875
0 0.09609375 0.353125 0.03359375 0.0625
1 0.58671875 0.33671875 0.0625 0.0765625
1 0.290625 0.3734375 0.0625 0.07421875
1 0.44453125 0.36640625 0.0578125 0.07421875
1 0.73046875 0.38125 0.053125 0.06015625
1 0.81953125 0.3734375 0.053125 0.06484375
1 0.5046875 0.35703125 0.0578125 0.06953125
0 0.14609375 0.0296875 0.0921875 0.059375
0 0.09765625 0.0109375 0.0359375 0.021875
1 0.5875 0.02265625 0.06484375 0.0453125
1 0.44609375 0.00703125 0.06015625 0.0140625
1 0.50625 0.0109375 0.06015625 0.021875