0 0.9515625 0.46171875 0.02890625 0.0265625
1 0.81875 0.4421875 0.0890625 0.0984375
1 0.88125 0.44921875 0.03125 0.0359375
1 0.61171875 0.43515625 0.05546875 0.05546875
1 0.54921875 0.42890625 0.05546875 0.0578125
1 0.47734375 0.4375 0.0359375 0.04609375
1 0.4421875 0.44453125 0.03359375 0.040625
1 0.37890625 0.4375 0.0265625 0.03125
1 0.3140625 0.440625 0.040625 0.04375
1 0.2453125 0.43359375 0.03828125 0.04375
1 0.178125 0.4265625 0.03828125 0.03828125
1 0.13203125 0.42734375 0.02421875 0.0359375
1 0.084375 0.42265625 0.03828125 0.04609375
1 0.02265625 0.42265625 0.021875 0.03125