0 0.6515625 0.51171875 0.1390625 0.12734375
0 0.89765625 0.35546875 0.18984375 0.21953125
0 0.89296875 0.3484375 0.18984375 0.21953125
0 0.03984375 0.26171875 0.05078125 0.06484375
0 0.259375 0.290625 0.03828125 0.05078125
0 0.33515625 0.46171875 0.05546875 0.05546875
0 0.5015625 0.4515625 0.0453125 0.05078125
0 0.415625 0.4484375 0.04296875 0.0484375
0 0.15390625 0.23359375 0.053125 0.053125
0 0.58046875 0.44609375 0.040625 0.053125
0 0.896875 0.04453125 0.1921875 0.0890625
0 0.8921875 0.0484375 0.1921875 0.09609375
0 0.03984375 0.0734375 0.05078125 0.06484375
0 0.259375 0.04453125 0.03828125 0.05078125
0 0.15390625 0.0984375 0.053125 0.053125