0 0.740625 0.25625 0.08203125 0.084375
0 0.86875 0.3234375 0.07421875 0.084375
0 0.31484375 0.2671875 0.0671875 0.071875
0 0.32578125 0.3578125 0.0984375 0.10546875
0 0.5578125 0.36875 0.0765625 0.09375
0 0.071875 0.2765625 0.053125 0.0625
0 0.475 0.2671875 0.05078125 0.053125
0 0.53984375 0.25625 0.0453125 0.06015625
0 0.8265625 0.2515625 0.053125 0.06484375
0 0.740625 0.078125 0.08203125 0.084375
0 0.86796875 0.0265625 0.0765625 0.053125
0 0.31484375 0.06484375 0.0671875 0.071875
0 0.3234375 0.0140625 0.1 0.028125
0 0.071875 0.05546875 0.053125 0.0625
0 0.475 0.06484375 0.05078125 0.053125
0 0.53984375 0.078125 0.0453125 0.06015625
0 0.8265625 0.0828125 0.053125 0.06484375