0 0.8375 0.27421875 0.2046875 0.2015625
0 0.6703125 0.26328125 0.1109375 0.11796875
0 0.196875 0.23046875 0.10546875 0.1203125
0 0.57109375 0.28984375 0.103125 0.1421875
0 0.053125 0.24609375 0.0578125 0.07421875
0 0.2984375 0.234375 0.1296875 0.13203125
1 0.43984375 0.24765625 0.1109375 0.134375
1 0.11640625 0.24296875 0.0453125 0.0671875
1 0.0671875 0.6453125 0.1296875 0.2046875
1 0.93984375 0.2828125 0.0671875 0.1703125
0 0.83671875 0.08046875 0.20703125 0.1609375
0 0.6703125 0.07109375 0.1109375 0.11796875
0 0.196875 0.10078125 0.10546875 0.1203125
0 0.56953125 0.0578125 0.10546875 0.115625
0 0.053125 0.0875 0.0578125 0.07421875
0 0.2984375 0.1 0.1296875 0.13203125
1 0.43984375 0.084375 0.1109375 0.134375
1 0.11640625 0.0890625 0.0453125 0.0671875
1 0.06875 0.9546875 0.13203125 0.08671875
1 0.94140625 0.06875 0.06953125 0.13671875