1 0.28359375 0.33046875 0.1390625 0.159375
1 0.67421875 0.34375 0.1421875 0.16171875
1 0.90234375 0.36875 0.11328125 0.13515625
1 0.48046875 0.38046875 0.0578125 0.08203125
1 0.55859375 0.3359375 0.09375 0.12265625
1 0.39765625 0.3953125 0.06953125 0.10625
1 0.353125 0.40703125 0.03828125 0.07265625
1 0.0515625 0.38671875 0.09375 0.17109375
1 0.28515625 0.0421875 0.1421875 0.084375
1 0.67265625 0.0359375 0.1453125 0.071875
1 0.9015625 0.0171875 0.115625 0.03359375
1 0.5578125 0.03046875 0.09609375 0.06015625
1 0.05078125 0.0171875 0.09609375 0.03359375