0 0.33984375 0.3171875 0.146875 0.178125
0 0.75 0.41953125 0.0671875 0.0796875
0 0.4515625 0.453125 0.0671875 0.084375
0 0.67421875 0.49140625 0.05546875 0.06953125
0 0.1140625 0.49140625 0.040625 0.05078125
0 0.52890625 0.50625 0.03828125 0.0453125
0 0.6203125 0.509375 0.03359375 0.03828125
2 0.12890625 0.58515625 0.11796875 0.23828125
2 0.803125 0.60546875 0.178125 0.446875
2 0.678125 0.60546875 0.08671875 0.303125
2 0.61875 0.57578125 0.05078125 0.165625
2 0.5296875 0.6046875 0.06953125 0.23828125
2 0.4515625 0.62109375 0.09609375 0.4203125
2 0.296875 0.52421875 0.23828125 0.60546875
0 0.3390625 0.05078125 0.14921875 0.10078125
2 0.80390625 0.9171875 0.18046875 0.1609375
2 0.67890625 0.953125 0.0890625 0.0890625
2 0.52890625 0.9703125 0.071875 0.05546875
2 0.453125 0.915625 0.0984375 0.16328125
2 0.2953125 0.91796875 0.240625 0.15859375