0 0.16796875 0.28671875 0.0765625 0.09140625
0 0.775 0.28203125 0.06953125 0.07265625
0 0.2390625 0.26875 0.06953125 0.0890625
0 0.4484375 0.33359375 0.06484375 0.0796875
0 0.65859375 0.3359375 0.0578125 0.05546875
0 0.6921875 0.30859375 0.03359375 0.0484375
0 0.16796875 0.04609375 0.0765625 0.09140625
0 0.775 0.05078125 0.06953125 0.07265625
0 0.2390625 0.06640625 0.06953125 0.0890625
0 0.446875 0.0203125 0.0671875 0.040625
0 0.66015625 0.01328125 0.06015625 0.0265625
0 0.6921875 0.02421875 0.03359375 0.0484375