0 0.7515625 0.2578125 0.06953125 0.08671875
0 0.1421875 0.29375 0.08671875 0.09140625
0 0.40390625 0.28828125 0.08203125 0.0890625
0 0.5453125 0.36953125 0.09609375 0.0984375
0 0.65625 0.3 0.09609375 0.11796875
0 0.8265625 0.26640625 0.071875 0.06484375
0 0.64453125 0.43046875 0.0578125 0.06953125
0 0.7515625 0.0796875 0.06953125 0.08671875
0 0.140625 0.04609375 0.0890625 0.09140625
0 0.40390625 0.0515625 0.08203125 0.0890625
0 0.54453125 0.009375 0.0984375 0.01875
0 0.6546875 0.04921875 0.0984375 0.0984375
0 0.8265625 0.0734375 0.071875 0.06484375