0 0.74375 0.45078125 0.13203125 0.13671875
0 0.36796875 0.50234375 0.125 0.15859375
0 0.26953125 0.0984375 0.0484375 0.0671875
0 0.428125 0.13359375 0.0671875 0.05546875
0 0.4328125 0.0921875 0.053125 0.03125
2 0.25 0.203125 0.1921875 0.271875
2 0.3390625 0.6859375 0.3796875 0.521875
2 0.70078125 0.6078125 0.290625 0.4515625
2 0.453125 0.2171875 0.1515625 0.2046875
0 0.959375 0.44921875 0.0765625 0.1390625
0 0.00859375 0.1 0.0171875 0.06953125
2 0.05390625 0.2015625 0.1078125 0.27421875
2 0.05625 0.684375 0.1125 0.525
2 0.94140625 0.609375 0.11328125 0.4546875