0 0.49296875 0.53515625 0.0671875 0.08671875
0 0.8296875 0.509375 0.0671875 0.06953125
0 0.85 0.58515625 0.11796875 0.1109375
0 0.66953125 0.58515625 0.103125 0.1203125
0 0.93515625 0.559375 0.09140625 0.07734375
0 0.94453125 0.48671875 0.0578125 0.0578125
0 0.66953125 0.46484375 0.03125 0.03359375
0 0.57109375 0.4953125 0.0359375 0.0359375
0 0.5265625 0.49375 0.03359375 0.04375
0 0.2703125 0.5265625 0.040625 0.040625
0 0.365625 0.5015625 0.02890625 0.03828125
0 0.40234375 0.5109375 0.03125 0.04375
0 0.45078125 0.50390625 0.03125 0.03828125