0 0.6203125 0.43984375 0.0578125 0.0671875
0 0.4984375 0.4390625 0.05078125 0.06953125
0 0.76796875 0.475 0.05078125 0.06953125
0 0.05859375 0.47734375 0.0453125 0.06953125
1 0.16328125 0.46640625 0.053125 0.0625
1 0.853125 0.47265625 0.053125 0.06953125
1 0.34609375 0.44921875 0.04296875 0.0578125
0 0.68359375 0.4578125 0.0359375 0.05546875
1 0.46640625 0.4546875 0.03359375 0.053125
1 0.2671875 0.47265625 0.03359375 0.040625
1 0.5453125 0.46171875 0.02890625 0.04296875
1 0.3921875 0.4546875 0.03828125 0.03828125