0 0.7984375 0.5984375 0.0484375 0.05078125
0 0.75859375 0.60390625 0.040625 0.05078125
0 0.66015625 0.6203125 0.0453125 0.04609375
0 0.68984375 0.6 0.02421875 0.03359375
0 0.5421875 0.68828125 0.040625 0.0359375
0 0.46015625 0.590625 0.0453125 0.03359375
0 0.353125 0.60234375 0.02890625 0.03828125
0 0.33203125 0.65546875 0.03828125 0.03359375
0 0.3109375 0.60703125 0.021875 0.02890625
0 0.2546875 0.62890625 0.03359375 0.03359375
0 0.2984375 0.68828125 0.02890625 0.0265625
0 0.5421875 0.97734375 0.040625 0.0359375
0 0.3328125 0.99375 0.040625 0.00703125
0 0.2984375 0.97734375 0.02890625 0.0265625