0 0.21484375 0.390625 0.07421875 0.084375
0 0.80859375 0.4125 0.1421875 0.1609375
0 0.2953125 0.44921875 0.0765625 0.09140625
0 0.5328125 0.43515625 0.06015625 0.0765625
0 0.603125 0.4390625 0.0578125 0.0890625
0 0.45703125 0.41015625 0.0625 0.0890625
0 0.70703125 0.43046875 0.0765625 0.10078125
0 0.96015625 0.3859375 0.05546875 0.06484375
0 0.42890625 0.42890625 0.06484375 0.09375
0 0.6734375 0.40859375 0.04296875 0.0765625
0 0.43515625 0.42578125 0.08203125 0.10546875
0 0.64453125 0.421875 0.03359375 0.07421875