0 0.984375 0.546875 0.0265625 0.04375
0 0.93515625 0.5484375 0.03828125 0.040625
0 0.8765625 0.5984375 0.0453125 0.04609375
0 0.53828125 0.53046875 0.04296875 0.053125
0 0.6296875 0.57265625 0.03359375 0.040625
0 0.7609375 0.546875 0.03125 0.03359375
0 0.828125 0.56875 0.03125 0.04375
0 0.1875 0.615625 0.03828125 0.040625
0 0.11796875 0.4671875 0.03359375 0.03828125
0 0.22265625 0.48828125 0.040625 0.040625
0 0.31015625 0.51328125 0.03359375 0.04375
0 0.4375 0.52421875 0.0484375 0.05078125
0 0.4703125 0.5265625 0.0359375 0.04609375
0 0.85078125 0.5375 0.02890625 0.03828125
0 0.80625 0.5359375 0.03125 0.0359375
0 0.78828125 0.5484375 0.03359375 0.040625
1 0.59140625 0.575 0.02890625 0.0359375
1 0.3734375 0.509375 0.040625 0.04609375