1 0.96875 0.615625 0.03359375 0.04609375
1 0.13828125 0.56015625 0.03125 0.040625
1 0.17578125 0.57578125 0.04296875 0.053125
1 0.26328125 0.57109375 0.040625 0.04375
1 0.34375 0.57734375 0.03359375 0.03125
1 0.4015625 0.59296875 0.03359375 0.04375
1 0.49375 0.60390625 0.0453125 0.04609375
1 0.525 0.58515625 0.0265625 0.03359375
1 0.55078125 0.58203125 0.03359375 0.04609375
1 0.5953125 0.5984375 0.03125 0.03125
1 0.625 0.60703125 0.04296875 0.0484375
1 0.68125 0.61328125 0.0359375 0.040625
1 0.7671875 0.6 0.04296875 0.0484375
1 0.84375 0.60859375 0.03828125 0.04609375
1 0.91015625 0.62421875 0.040625 0.03828125