0 0.5171875 0.40625 0.053125 0.053125
0 0.7125 0.47109375 0.06015625 0.0625
0 0.9109375 0.4015625 0.071875 0.0671875
0 0.37265625 0.484375 0.053125 0.06015625
0 0.66796875 0.40625 0.053125 0.0578125
0 0.55078125 0.45703125 0.0671875 0.0625
0 0.271875 0.4578125 0.04296875 0.05078125
0 0.259375 0.37890625 0.04296875 0.0453125
0 0.03125 0.446875 0.04296875 0.03359375
0 0.0484375 0.4171875 0.03359375 0.03125
0 0.103125 0.43984375 0.04296875 0.04296875
0 0.13359375 0.396875 0.040625 0.03359375
2 0.37890625 0.5515625 0.11328125 0.18984375
2 0.5375 0.54296875 0.1421875 0.21640625
2 0.6875 0.5453125 0.134375 0.22109375
1 0.83515625 0.453125 0.0796875 0.0796875
2 0.03828125 0.5015625 0.071875 0.1421875
2 0.1296875 0.4984375 0.09609375 0.1421875
2 0.28515625 0.52890625 0.103125 0.1828125
0 0.20703125 0.44921875 0.03359375 0.04296875
2 0.21484375 0.5203125 0.084375 0.18046875
2 0.275 0.39765625 0.09375 0.084375
0 0.19609375 0.3953125 0.040625 0.0359375
2 0.19609375 0.4078125 0.06953125 0.06484375
2 0.140625 0.43125 0.05078125 0.09375
2 0.0640625 0.43984375 0.05546875 0.071875
2 0.81640625 0.53359375 0.12265625 0.240625
2 0.50234375 0.41796875 0.10546875 0.0765625
0 0.5171875 0.025 0.05625 0.05
0 0.9125 0.03125 0.07421875 0.0625
0 0.66953125 0.0265625 0.05546875 0.053125
0 0.259375 0.0515625 0.04296875 0.0453125
0 0.04921875 0.0140625 0.0359375 0.028125
0 0.1046875 0.00625 0.0453125 0.01171875
0 0.13359375 0.03125 0.040625 0.03359375
2 0.37734375 0.9578125 0.115625 0.0796875
2 0.5359375 0.95546875 0.14453125 0.084375
2 0.6890625 0.953125 0.13671875 0.0890625
1 0.834375 0.00859375 0.08203125 0.0171875
2 0.28359375 0.97109375 0.10546875 0.053125
2 0.2140625 0.97578125 0.08671875 0.04296875
2 0.27421875 0.0375 0.09609375 0.07421875
0 0.19609375 0.03515625 0.040625 0.0359375
2 0.19375 0.02734375 0.071875 0.0546875
2 0.1390625 0.02265625 0.053125 0.0453125
2 0.0625 0.01328125 0.0578125 0.0265625
2 0.81484375 0.9546875 0.125 0.08671875
2 0.50390625 0.025 0.1078125 0.05