0 0.71015625 0.3109375 0.06484375 0.08203125
1 0.8390625 0.31328125 0.0671875 0.07734375
1 0.46484375 0.32421875 0.06484375 0.0796875
1 0.30625 0.30859375 0.06484375 0.08671875
1 0.6203125 0.3375 0.0578125 0.0671875
1 0.134375 0.29609375 0.071875 0.08203125
1 0.353125 0.31171875 0.0578125 0.084375
1 0.22109375 0.33125 0.04296875 0.05546875
1 0.06875 0.35078125 0.0453125 0.06953125
0 0.709375 0.0328125 0.0671875 0.06484375
1 0.83984375 0.03046875 0.06953125 0.06015625
1 0.46328125 0.025 0.0671875 0.05
1 0.30546875 0.03515625 0.0671875 0.06953125
1 0.62109375 0.015625 0.06015625 0.03125
1 0.1359375 0.03984375 0.07421875 0.0796875
1 0.3546875 0.0328125 0.06015625 0.06484375
1 0.22265625 0.015625 0.0453125 0.03125
1 0.06640625 0.009375 0.0484375 0.01875