0 0.4359375 0.4890625 0.04375 0.0359375
0 0.8015625 0.4890625 0.04609375 0.06484375
0 0.26015625 0.41484375 0.0484375 0.0453125
0 0.70859375 0.46015625 0.03828125 0.05078125
0 0.32890625 0.515625 0.05078125 0.040625
0 0.36171875 0.5140625 0.04375 0.03828125
0 0.57578125 0.48046875 0.02890625 0.02890625
0 0.61171875 0.4546875 0.02890625 0.02890625
0 0.63359375 0.446875 0.02421875 0.03359375
0 0.89765625 0.4890625 0.04609375 0.06484375
0 0.0359375 0.41484375 0.0484375 0.0453125
0 0.98515625 0.459375 0.02890625 0.053125