0 0.79296875 0.55078125 0.053125 0.06015625
0 0.5203125 0.67265625 0.0453125 0.0578125
0 0.59609375 0.69375 0.053125 0.053125
0 0.7296875 0.65625 0.0453125 0.05546875
0 0.90390625 0.54609375 0.0484375 0.05078125
0 0.0359375 0.67265625 0.03828125 0.0484375
0 0.40234375 0.6890625 0.03125 0.02890625
0 0.51953125 0.98203125 0.0484375 0.03125
0 0.59765625 0.97265625 0.05546875 0.05078125
0 0.728125 0.990625 0.0484375 0.01484375
0 0.0375 0.984375 0.040625 0.0265625
0 0.40234375 0.978125 0.03125 0.02890625