0 0.1890625 0.46484375 0.05078125 0.06953125
0 0.1265625 0.478125 0.0359375 0.0484375
0 0.32421875 0.48203125 0.0625 0.0796875
0 0.36875 0.4546875 0.05078125 0.0625
0 0.48046875 0.4703125 0.03828125 0.05078125
0 0.525 0.4671875 0.0453125 0.06015625
0 0.56640625 0.45703125 0.0359375 0.0484375
0 0.6109375 0.45546875 0.0625 0.07421875
0 0.73203125 0.44609375 0.06953125 0.0796875
0 0.7765625 0.4578125 0.03828125 0.05078125
0 0.84375 0.4515625 0.03359375 0.053125
0 0.8859375 0.44375 0.0453125 0.06484375
0 0.95078125 0.4484375 0.06015625 0.06953125
0 0.9890625 0.44453125 0.0171875 0.053125