0 0.8265625 0.30859375 0.15859375 0.19765625
0 0.5875 0.3640625 0.12734375 0.18828125
0 0.275 0.340625 0.1421875 0.2
0 0.42890625 0.39140625 0.103125 0.1375
0 0.6515625 0.4046875 0.0578125 0.1109375
0 0.1296875 0.36875 0.08203125 0.14453125
1 0.50859375 0.3984375 0.05546875 0.09375
0 0.19921875 0.346875 0.053125 0.1640625
0 0.828125 0.0625 0.1609375 0.125
0 0.58671875 0.0328125 0.1296875 0.06484375
0 0.27421875 0.046875 0.14453125 0.09375
0 0.13125 0.01953125 0.084375 0.03828125
0 0.20078125 0.03515625 0.05546875 0.06953125