1 0.040625 0.35703125 0.0484375 0.05546875
1 0.1296875 0.35 0.0671875 0.084375
1 0.22578125 0.3734375 0.0484375 0.06484375
1 0.35703125 0.3703125 0.06953125 0.08203125
1 0.4046875 0.37265625 0.040625 0.0578125
1 0.48203125 0.359375 0.05546875 0.084375
1 0.51328125 0.375 0.0265625 0.0484375
1 0.58203125 0.34609375 0.071875 0.09609375
1 0.61640625 0.36171875 0.0453125 0.06953125
1 0.76796875 0.40234375 0.05078125 0.06953125
1 0.81640625 0.3640625 0.05078125 0.06015625
1 0.884375 0.38125 0.08671875 0.09375
1 0.946875 0.3765625 0.03828125 0.06015625
1 0.040625 0.0296875 0.0484375 0.05546875
1 0.13125 0.03984375 0.06953125 0.0796875
1 0.22734375 0.02265625 0.05078125 0.0453125
1 0.35546875 0.02890625 0.071875 0.0578125
1 0.40390625 0.021875 0.04296875 0.04296875
1 0.48046875 0.03515625 0.0578125 0.06953125
1 0.51171875 0.01796875 0.02890625 0.0359375
1 0.5828125 0.04453125 0.07421875 0.0890625
1 0.61484375 0.0296875 0.0484375 0.059375
1 0.7671875 0.009375 0.053125 0.01875
1 0.81484375 0.0265625 0.053125 0.053125
1 0.8859375 0.0265625 0.0890625 0.053125
1 0.9484375 0.0203125 0.040625 0.040625