1 0.078125 0.3921875 0.084375 0.10078125
1 0.28515625 0.4 0.0796875 0.0984375
1 0.7609375 0.484375 0.103125 0.11796875
1 0.41015625 0.4046875 0.07421875 0.1078125
1 0.8546875 0.39453125 0.13671875 0.2015625
1 0.55859375 0.4125 0.09375 0.11328125
1 0.665625 0.49140625 0.10546875 0.12734375
1 0.4546875 0.4109375 0.0484375 0.08203125
1 0.9484375 0.40390625 0.09375 0.21640625
1 0.3390625 0.4484375 0.04296875 0.06484375
1 0.18359375 0.44453125 0.0265625 0.03359375
1 0.0796875 0.0109375 0.08671875 0.021875
1 0.85546875 0.03515625 0.1390625 0.06953125
1 0.94921875 0.03359375 0.09609375 0.0671875