1 0.8953125 0.38515625 0.0796875 0.08671875
1 0.30546875 0.41484375 0.0671875 0.08671875
1 0.80625 0.4203125 0.06015625 0.075
1 0.1765625 0.44375 0.06015625 0.0625
1 0.7015625 0.4203125 0.0578125 0.06015625
1 0.0953125 0.459375 0.05546875 0.06953125
1 0.6140625 0.43125 0.0453125 0.0578125
1 0.4203125 0.41484375 0.03359375 0.0578125
1 0.75390625 0.4328125 0.040625 0.06484375
1 0.44609375 0.42265625 0.0265625 0.05546875
1 0.13359375 0.41796875 0.0453125 0.05546875
1 0.03828125 0.453125 0.0578125 0.07265625