0 0.47734375 0.4984375 0.11796875 0.10625
0 0.396875 0.384375 0.08203125 0.0796875
0 0.8375 0.4515625 0.06015625 0.0796875
0 0.63125 0.578125 0.1421875 0.125
0 0.74375 0.48046875 0.06953125 0.075
0 0.4890625 0.45390625 0.09375 0.05546875
0 0.2671875 0.40234375 0.0671875 0.0625
2 0.78515625 0.55390625 0.165625 0.2890625
2 0.6890625 0.4984375 0.19453125 0.13515625
2 0.5484375 0.66640625 0.35546875 0.2625
2 0.23671875 0.57265625 0.1421875 0.421875
2 0.3640625 0.5421875 0.11328125 0.4046875
2 0.45703125 0.609375 0.16796875 0.31796875
2 0.54921875 0.93125 0.3578125 0.1328125
2 0.2359375 0.93828125 0.14453125 0.11796875
2 0.36328125 0.9578125 0.115625 0.0796875
2 0.4578125 0.94609375 0.1703125 0.10390625