0 0.27890625 0.44609375 0.04296875 0.04375
0 0.3640625 0.4796875 0.0453125 0.04375
0 0.50625 0.4328125 0.040625 0.04609375
0 0.8109375 0.321875 0.0265625 0.0359375
1 0.12734375 0.66875 0.071875 0.04609375
1 0.17890625 0.49765625 0.0453125 0.040625
1 0.0765625 0.59375 0.0578125 0.06015625
1 0.12734375 0.61953125 0.0671875 0.053125
1 0.259375 0.51484375 0.0484375 0.04609375
1 0.3328125 0.5359375 0.05546875 0.04609375
1 0.4390625 0.51171875 0.05546875 0.05546875
1 0.55859375 0.453125 0.05546875 0.0484375
1 0.63203125 0.321875 0.03359375 0.03125
1 0.6875 0.3203125 0.02890625 0.02421875
0 0.59609375 0.359375 0.03359375 0.03359375
0 0.76953125 0.3171875 0.03359375 0.03125