0 0.3125 0.7234375 0.03359375 0.03828125
0 0.8109375 0.5 0.0359375 0.03359375
0 0.42578125 0.6265625 0.03359375 0.021875
0 0.31953125 0.62890625 0.03828125 0.0359375
0 0.4125 0.59765625 0.03125 0.03125
0 0.47265625 0.43125 0.0359375 0.0359375
0 0.59375 0.3390625 0.03828125 0.03359375
0 0.59609375 0.4328125 0.03828125 0.03828125
0 0.46484375 0.31953125 0.0265625 0.02890625
0 0.4984375 0.30546875 0.0359375 0.03359375
0 0.54453125 0.29921875 0.03125 0.040625
0 0.3125 0.94453125 0.03359375 0.03828125
0 0.46328125 0.009375 0.0296875 0.01875
0 0.4984375 0.0171875 0.0359375 0.03359375
0 0.54453125 0.025 0.03125 0.040625