0 0.01328125 0.4515625 0.021875 0.06953125
0 0.4578125 0.45390625 0.06484375 0.084375
0 0.259375 0.42265625 0.0671875 0.084375
0 0.1515625 0.44609375 0.071875 0.08203125
0 0.10078125 0.4359375 0.0625 0.07734375
0 0.17890625 0.4328125 0.0359375 0.06484375
0 0.33671875 0.42421875 0.071875 0.0671875
0 0.37734375 0.43359375 0.04296875 0.0671875
0 0.51796875 0.4421875 0.05546875 0.06953125
0 0.5890625 0.4515625 0.0765625 0.06953125
0 0.646875 0.4375 0.0578125 0.06015625
0 0.71171875 0.446875 0.053125 0.075
0 0.7671875 0.4625 0.0578125 0.0625
0 0.8140625 0.46640625 0.0453125 0.05546875
0 0.86875 0.45546875 0.05078125 0.0578125
0 0.9375 0.46953125 0.0578125 0.0671875
0 0.97265625 0.46953125 0.0265625 0.053125