0 0.865625 0.3703125 0.15390625 0.16796875
0 0.41015625 0.3859375 0.12734375 0.18046875
0 0.7765625 0.4625 0.071875 0.0890625
0 0.678125 0.40234375 0.125 0.1609375
0 0.0953125 0.3640625 0.1421875 0.19453125
0 0.4796875 0.4328125 0.084375 0.134375
0 0.61640625 0.459375 0.06953125 0.08671875
0 0.19921875 0.50234375 0.0484375 0.0625
0 0.53984375 0.484375 0.06484375 0.0890625
0 0.86640625 0.02421875 0.15625 0.0484375
0 0.40859375 0.01953125 0.1296875 0.03828125
0 0.09375 0.03359375 0.14453125 0.0671875