0 0.17890625 0.346875 0.0796875 0.10625
0 0.75 0.31484375 0.178125 0.21484375
0 0.31484375 0.32265625 0.21171875 0.26015625
0 0.0625 0.38203125 0.053125 0.06953125
2 0.7953125 0.525 0.34609375 0.60703125
2 0.084375 0.453125 0.125 0.20234375
2 0.18125 0.378125 0.1078125 0.14921875
2 0.25625 0.521875 0.36328125 0.61953125
0 0.178125 0.0203125 0.08203125 0.040625
0 0.7515625 0.0640625 0.18046875 0.12734375
0 0.31640625 0.07109375 0.2140625 0.1421875
2 0.796875 0.91796875 0.3484375 0.159375
2 0.18046875 0.015625 0.1109375 0.03125
2 0.2546875 0.9171875 0.365625 0.16171875