0 0.8578125 0.44140625 0.125 0.12265625
0 0.8140625 0.5828125 0.1421875 0.1421875
0 0.66328125 0.725 0.1734375 0.18046875
0 0.5359375 0.5484375 0.1296875 0.16328125
0 0.47265625 0.3921875 0.0796875 0.08203125
0 0.46015625 0.46875 0.12265625 0.09609375
0 0.3421875 0.51953125 0.0890625 0.10546875
0 0.365625 0.3609375 0.0578125 0.071875
0 0.31640625 0.38203125 0.06015625 0.071875
0 0.2921875 0.44453125 0.084375 0.08203125
0 0.1390625 0.5015625 0.15390625 0.165625
0 0.19609375 0.44375 0.084375 0.0984375
0 0.146875 0.3703125 0.0765625 0.08671875
0 0.6625 0.91953125 0.17578125 0.15625
0 0.3640625 0.00703125 0.06015625 0.0140625