0 0.16015625 0.6 0.040625 0.040625
0 0.25625 0.61796875 0.05546875 0.0625
0 0.34609375 0.6203125 0.03359375 0.03359375
0 0.3859375 0.609375 0.0359375 0.0453125
0 0.52421875 0.62109375 0.03828125 0.0453125
0 0.603125 0.625 0.04296875 0.0578125
0 0.709375 0.640625 0.03359375 0.040625
0 0.646875 0.63203125 0.03359375 0.03828125
0 0.22109375 0.61796875 0.03359375 0.04296875
0 0.5734375 0.62734375 0.0359375 0.03828125
1 0.4484375 0.6296875 0.05546875 0.0578125
0 0.44453125 0.59609375 0.03828125 0.03359375