0 0.165625 0.3953125 0.115625 0.20703125
0 0.32109375 0.32734375 0.06953125 0.10625
0 0.203125 0.32734375 0.05546875 0.08203125
0 0.078125 0.33984375 0.1515625 0.346875
1 0.73203125 0.3890625 0.06484375 0.084375
1 0.61796875 0.33984375 0.071875 0.09140625
1 0.54296875 0.346875 0.0765625 0.10625
1 0.85546875 0.375 0.0671875 0.084375
1 0.3953125 0.3 0.0984375 0.12265625
1 0.9671875 0.3828125 0.06015625 0.07265625
1 0.9171875 0.3734375 0.0453125 0.0625
1 0.45078125 0.3328125 0.0453125 0.08671875
1 0.8421875 0.33828125 0.06015625 0.075
1 0.6734375 0.3796875 0.03359375 0.05546875
0 0.31875 0.02734375 0.071875 0.0546875
0 0.2015625 0.021875 0.0578125 0.04375
0 0.0765625 0.08203125 0.153125 0.1640625
1 0.61875 0.01796875 0.07421875 0.0359375
1 0.54453125 0.01796875 0.0796875 0.0359375
1 0.39453125 0.04609375 0.10078125 0.09140625
1 0.44921875 0.0203125 0.0484375 0.040625
1 0.84140625 0.01484375 0.0625 0.02890625