0 0.125 0.240625 0.16328125 0.196875
0 0.540625 0.40390625 0.1203125 0.134375
0 0.38125 0.5875 0.13203125 0.11796875
0 0.43359375 0.321875 0.1078125 0.14921875
0 0.8890625 0.259375 0.0625 0.115625
0 0.93046875 0.22109375 0.1296875 0.15859375
0 0.66484375 0.22578125 0.05546875 0.071875
1 0.27734375 0.33203125 0.084375 0.09140625
0 0.1265625 0.06953125 0.165625 0.1390625
0 0.4328125 0.0171875 0.1109375 0.03359375
0 0.890625 0.03984375 0.06484375 0.0796875
0 0.93125 0.06953125 0.13203125 0.1390625
0 0.66484375 0.053125 0.05546875 0.071875