0 0.6421875 0.25859375 0.0578125 0.0890625
0 0.6734375 0.36640625 0.0625 0.0796875
0 0.615625 0.2953125 0.0671875 0.071875
2 0.66328125 0.4375 0.134375 0.21640625
2 0.55078125 0.41015625 0.1875 0.28125
2 0.43515625 0.3640625 0.08671875 0.2328125
2 0.6625 0.2796875 0.084375 0.1078125
1 0.4421875 0.271875 0.03359375 0.03828125
0 0.6421875 0.07578125 0.0578125 0.0890625
0 0.615625 0.0359375 0.0671875 0.071875
2 0.54921875 0.0328125 0.18984375 0.06484375
2 0.43359375 0.04296875 0.0890625 0.0859375
2 0.66328125 0.05390625 0.08671875 0.1078125
1 0.4421875 0.06015625 0.03359375 0.03828125