1 0.40859375 0.3578125 0.0765625 0.08671875
1 0.59375 0.3734375 0.071875 0.0984375
1 0.91015625 0.38359375 0.084375 0.084375
1 0.80078125 0.3484375 0.09609375 0.10078125
1 0.240625 0.328125 0.10078125 0.103125
1 0.72109375 0.4421875 0.0625 0.0765625
1 0.55390625 0.4125 0.0453125 0.0796875
1 0.03984375 0.4515625 0.05546875 0.0625
1 0.5015625 0.4359375 0.0453125 0.05546875
1 0.1703125 0.4015625 0.0578125 0.071875
1 0.12734375 0.43984375 0.04296875 0.0578125
1 0.290625 0.45078125 0.0484375 0.07421875
1 0.41015625 0.009375 0.0796875 0.01875
1 0.8015625 0.01796875 0.0984375 0.0359375
1 0.24140625 0.02890625 0.103125 0.0578125