0 0.30390625 0.40859375 0.0796875 0.09140625
0 0.4046875 0.396875 0.06015625 0.08203125
0 0.2078125 0.37734375 0.103125 0.115625
0 0.54453125 0.40859375 0.05078125 0.0625
0 0.7296875 0.4046875 0.09375 0.1078125
0 0.478125 0.39921875 0.0484375 0.071875
0 0.0296875 0.41015625 0.05078125 0.06484375
0 0.303125 0.0359375 0.08203125 0.071875
0 0.40390625 0.03984375 0.0625 0.0796875
0 0.20703125 0.0578125 0.10546875 0.115625
0 0.54296875 0.02890625 0.053125 0.0578125
0 0.728125 0.0421875 0.09609375 0.084375
0 0.4796875 0.0359375 0.05078125 0.071875
0 0.02890625 0.02890625 0.053125 0.0578125