0 0.259375 0.40625 0.08203125 0.0984375
0 0.79453125 0.3640625 0.06953125 0.07265625
0 0.4046875 0.34609375 0.05078125 0.075
0 0.08515625 0.3046875 0.0453125 0.06484375
2 0.078125 0.42265625 0.11796875 0.33515625
2 0.27265625 0.54453125 0.31484375 0.390625
2 0.38203125 0.4796875 0.10546875 0.36171875
2 0.79453125 0.55546875 0.24765625 0.45546875
0 0.40390625 0.015625 0.053125 0.03125
0 0.08515625 0.03515625 0.0453125 0.06484375
2 0.0765625 0.0421875 0.1203125 0.084375
2 0.79296875 0.93828125 0.25 0.11796875