0 0.4015625 0.25625 0.14453125 0.17578125
0 0.65234375 0.30625 0.1421875 0.19765625
0 0.0875 0.25546875 0.1421875 0.16875
0 0.81640625 0.34453125 0.1609375 0.21171875
0 0.93984375 0.31953125 0.0578125 0.11796875
0 0.98046875 0.31484375 0.03359375 0.18515625
0 0.4015625 0.0828125 0.146875 0.165625
0 0.6515625 0.0640625 0.14453125 0.12734375
0 0.08671875 0.08203125 0.14453125 0.1640625
0 0.81484375 0.0484375 0.16328125 0.09609375
0 0.94140625 0.0375 0.06015625 0.075
0 0.98203125 0.05625 0.0359375 0.1125