0 0.6140625 0.58828125 0.06015625 0.0625
0 0.0875 0.58828125 0.06484375 0.0625
0 0.8734375 0.58046875 0.06953125 0.053125
0 0.2828125 0.6 0.06015625 0.0625
0 0.14765625 0.615625 0.084375 0.075
0 0.72578125 0.62265625 0.0578125 0.05546875
0 0.21640625 0.63046875 0.03359375 0.05078125
0 0.2328125 0.54609375 0.03359375 0.040625
0 0.3125 0.55546875 0.03828125 0.03125
0 0.615625 0.97109375 0.0625 0.053125
0 0.0890625 0.97109375 0.0671875 0.053125
0 0.875 0.97734375 0.071875 0.040625
0 0.2828125 0.9640625 0.06015625 0.0625
0 0.14765625 0.95078125 0.084375 0.075
0 0.72578125 0.94375 0.0578125 0.05546875
0 0.21640625 0.9359375 0.03359375 0.05078125