0 0.171875 0.33671875 0.1609375 0.1828125
0 0.88359375 0.328125 0.2140625 0.19921875
0 0.6109375 0.359375 0.1296875 0.1421875
0 0.43984375 0.43359375 0.115625 0.13671875
0 0.396875 0.321875 0.09140625 0.115625
0 0.31640625 0.34609375 0.103125 0.134375
0 0.53828125 0.31015625 0.09140625 0.115625
0 0.1703125 0.046875 0.16328125 0.09375
0 0.88203125 0.05546875 0.21640625 0.1109375
0 0.6109375 0.025 0.13125 0.05
0 0.39765625 0.0375 0.09375 0.07421875
0 0.3140625 0.0296875 0.10625 0.059375
0 0.5390625 0.04296875 0.09375 0.0859375