1 0.46640625 0.39921875 0.0671875 0.08203125
1 0.56953125 0.4 0.0578125 0.06484375
1 0.125 0.42578125 0.0578125 0.0671875
1 0.80390625 0.4109375 0.103125 0.1109375
1 0.7171875 0.42578125 0.06953125 0.0765625
1 0.2703125 0.39765625 0.09375 0.1078125
1 0.4671875 0.03828125 0.06953125 0.0765625
1 0.56953125 0.03515625 0.0578125 0.06484375
1 0.1265625 0.021875 0.06015625 0.04296875
1 0.803125 0.03984375 0.10546875 0.0796875
1 0.71640625 0.02421875 0.071875 0.0484375
1 0.26875 0.0453125 0.096875 0.090625