0 0.89453125 0.4484375 0.10546875 0.12265625
0 0.06484375 0.5 0.04296875 0.04296875
0 0.1109375 0.4984375 0.03359375 0.040625
0 0.63125 0.4671875 0.06953125 0.09375
0 0.5828125 0.478125 0.0453125 0.071875
0 0.53359375 0.4859375 0.04296875 0.0578125
0 0.50234375 0.4703125 0.03828125 0.06015625
0 0.39765625 0.5015625 0.040625 0.0453125
0 0.34765625 0.4984375 0.0359375 0.0453125
0 0.27421875 0.49375 0.03828125 0.05078125
0 0.2125 0.50625 0.021875 0.03125
0 0.15390625 0.49765625 0.03359375 0.04296875
0 0.17890625 0.4953125 0.021875 0.03828125
1 0.43515625 0.484375 0.02890625 0.040625
1 0.484375 0.4953125 0.0265625 0.03359375