0 0.50625 0.334375 0.06484375 0.09609375
0 0.3296875 0.3296875 0.08203125 0.09609375
0 0.4578125 0.3125 0.05546875 0.10078125
0 0.88203125 0.3640625 0.22109375 0.28125
1 0.5984375 0.34375 0.08203125 0.09609375
1 0.69921875 0.3546875 0.08203125 0.12734375
0 0.6609375 0.2984375 0.0578125 0.09140625
0 0.56640625 0.3015625 0.05078125 0.07421875
0 0.50625 0.103125 0.06484375 0.09609375
0 0.3296875 0.1078125 0.08203125 0.09609375
0 0.4578125 0.125 0.05546875 0.10078125
0 0.88203125 0.1078125 0.2234375 0.215625
1 0.5984375 0.09375 0.08203125 0.09609375
1 0.69921875 0.08515625 0.08203125 0.12734375
0 0.6609375 0.1390625 0.0578125 0.09140625
0 0.56640625 0.13828125 0.05078125 0.07421875