1 0.43125 0.3796875 0.06015625 0.071875
1 0.67578125 0.37890625 0.0578125 0.06953125
1 0.48671875 0.39296875 0.06953125 0.09375
1 0.55546875 0.38203125 0.0578125 0.0765625
1 0.209375 0.35546875 0.0765625 0.10078125
1 0.80078125 0.359375 0.0625 0.07421875
1 0.13125 0.396875 0.09375 0.1109375
1 0.43125 0.115625 0.06015625 0.071875
1 0.67578125 0.11875 0.0578125 0.06953125
1 0.48671875 0.1046875 0.06953125 0.09375
1 0.55546875 0.11328125 0.0578125 0.0765625
1 0.209375 0.1390625 0.0765625 0.10078125
1 0.80078125 0.13828125 0.0625 0.07421875
1 0.13125 0.0984375 0.09375 0.1109375