0 0.084375 0.35546875 0.0671875 0.08203125
0 0.40234375 0.37265625 0.040625 0.053125
1 0.2125 0.40234375 0.06484375 0.0796875
1 0.540625 0.36328125 0.0671875 0.08203125
1 0.953125 0.3578125 0.0796875 0.09140625
1 0.64296875 0.37109375 0.05546875 0.07421875
1 0.34609375 0.4078125 0.0578125 0.07421875
1 0.890625 0.384375 0.05078125 0.0671875
0 0.37109375 0.37109375 0.0359375 0.05546875
0 0.7703125 0.3546875 0.040625 0.05546875
0 0.72109375 0.365625 0.04296875 0.0578125
0 0.584375 0.33671875 0.04296875 0.0625
0 0.68125 0.34375 0.05546875 0.0671875