0 0.8375 0.25546875 0.11796875 0.13984375
0 0.6984375 0.29765625 0.09375 0.10390625
1 0.5109375 0.3015625 0.07421875 0.08203125
1 0.1390625 0.2796875 0.1296875 0.13984375
1 0.35703125 0.259375 0.0796875 0.10390625
1 0.92890625 0.27734375 0.0796875 0.07265625
1 0.2078125 0.29609375 0.05078125 0.09609375
0 0.8375 0.07734375 0.11796875 0.13984375
0 0.696875 0.04453125 0.09609375 0.0890625
1 0.509375 0.0375 0.0765625 0.075
1 0.140625 0.0625 0.13203125 0.125
1 0.35703125 0.07578125 0.0796875 0.10390625
1 0.92890625 0.05546875 0.0796875 0.07265625
1 0.20703125 0.04375 0.053125 0.08671875