0 0.20546875 0.46640625 0.06015625 0.0671875
0 0.05859375 0.41796875 0.021875 0.03359375
0 0.79453125 0.4 0.0890625 0.1078125
0 0.66328125 0.4203125 0.08203125 0.10078125
0 0.58046875 0.37734375 0.06015625 0.08203125
0 0.49375 0.4046875 0.06015625 0.06015625
0 0.4390625 0.41015625 0.05078125 0.06953125
0 0.3546875 0.4015625 0.0453125 0.053125
0 0.296875 0.40625 0.0453125 0.0578125
0 0.25234375 0.40234375 0.03828125 0.0453125
0 0.2140625 0.40234375 0.03359375 0.0453125
0 0.16953125 0.41015625 0.0359375 0.0453125
0 0.1234375 0.4171875 0.03125 0.040625