1 0.46875 0.33125 0.0625 0.075
1 0.6890625 0.3015625 0.06953125 0.08203125
1 0.8609375 0.25078125 0.10546875 0.10625
1 0.63359375 0.32265625 0.05546875 0.0671875
1 0.8015625 0.31328125 0.06484375 0.07265625
1 0.31640625 0.33828125 0.05078125 0.06484375
1 0.38359375 0.4 0.0359375 0.03359375
1 0.4703125 0.0203125 0.06484375 0.040625
1 0.6875 0.0375 0.071875 0.075
1 0.8609375 0.08203125 0.10546875 0.10625
1 0.63203125 0.02265625 0.0578125 0.0453125
1 0.80078125 0.02890625 0.0671875 0.0578125
1 0.31484375 0.01484375 0.053125 0.02890625