0 0.365625 0.46015625 0.04296875 0.03828125
0 0.3015625 0.44375 0.040625 0.03828125
0 0.7453125 0.21328125 0.02890625 0.0265625
0 0.9546875 0.190625 0.03359375 0.03359375
0 0.8953125 0.1890625 0.0265625 0.03125
0 0.4203125 0.42421875 0.03359375 0.03359375
0 0.41328125 0.38828125 0.03359375 0.03359375
0 0.40625 0.309375 0.01953125 0.03125
0 0.35546875 0.375 0.03359375 0.03125
0 0.7453125 0.121875 0.02890625 0.0265625
0 0.9546875 0.1421875 0.03359375 0.03359375
0 0.8953125 0.14609375 0.0265625 0.03125
0 0.40625 0.025 0.01953125 0.03125