1 0.1046875 0.38515625 0.0796875 0.08671875
1 0.69453125 0.41484375 0.0671875 0.08671875
1 0.19375 0.4203125 0.06015625 0.075
1 0.8234375 0.44375 0.06015625 0.0625
1 0.2984375 0.4203125 0.0578125 0.06015625
1 0.9046875 0.459375 0.05546875 0.06953125
1 0.3859375 0.43125 0.0453125 0.0578125
1 0.5796875 0.41484375 0.03359375 0.0578125
1 0.24609375 0.4328125 0.040625 0.06484375
1 0.55390625 0.42265625 0.0265625 0.05546875
1 0.86640625 0.41796875 0.0453125 0.05546875
1 0.96171875 0.453125 0.0578125 0.07265625