0 0.72109375 0.44609375 0.04296875 0.04375
0 0.6359375 0.4796875 0.0453125 0.04375
0 0.49375 0.4328125 0.040625 0.04609375
0 0.1890625 0.321875 0.0265625 0.0359375
1 0.87265625 0.66875 0.071875 0.04609375
1 0.82109375 0.49765625 0.0453125 0.040625
1 0.9234375 0.59375 0.0578125 0.06015625
1 0.87265625 0.61953125 0.0671875 0.053125
1 0.740625 0.51484375 0.0484375 0.04609375
1 0.6671875 0.5359375 0.05546875 0.04609375
1 0.5609375 0.51171875 0.05546875 0.05546875
1 0.44140625 0.453125 0.05546875 0.0484375
1 0.36796875 0.321875 0.03359375 0.03125
1 0.3125 0.3203125 0.02890625 0.02421875
0 0.40390625 0.359375 0.03359375 0.03359375
0 0.23046875 0.3171875 0.03359375 0.03125