0 0.5296875 0.290625 0.07421875 0.09140625
0 0.428125 0.27734375 0.0671875 0.084375
0 0.38203125 0.34609375 0.08203125 0.09609375
0 0.69453125 0.2484375 0.1109375 0.11328125
0 0.4828125 0.2359375 0.053125 0.0765625
0 0.80625 0.2609375 0.084375 0.11796875
0 0.5890625 0.2515625 0.053125 0.07421875
0 0.96015625 0.209375 0.05078125 0.0671875
0 0.86640625 0.2609375 0.05078125 0.084375
1 0.053125 0.3015625 0.09609375 0.11796875
1 0.1140625 0.3765625 0.13203125 0.13671875
0 0.53125 0.04453125 0.0765625 0.0890625
0 0.428125 0.05625 0.0671875 0.084375
0 0.38125 0.01796875 0.084375 0.0359375
0 0.69453125 0.08515625 0.1109375 0.11328125
0 0.4828125 0.09609375 0.053125 0.0765625
0 0.80625 0.0734375 0.084375 0.11796875
0 0.5890625 0.0828125 0.053125 0.07421875
0 0.96015625 0.12265625 0.05078125 0.0671875
0 0.86640625 0.0734375 0.05078125 0.084375
1 0.05234375 0.0453125 0.0984375 0.090625