1 0.20078125 0.32109375 0.06953125 0.0796875
1 0.734375 0.30859375 0.06484375 0.084375
1 0.49609375 0.50859375 0.06015625 0.0796875
1 0.67890625 0.321875 0.05078125 0.0671875
1 0.96875 0.26953125 0.0578125 0.1296875
1 0.3421875 0.3234375 0.06015625 0.06484375
1 0.8796875 0.3109375 0.0625 0.06953125
1 0.0421875 0.37265625 0.040625 0.053125
1 0.6140625 0.35078125 0.0453125 0.0671875
1 0.4015625 0.3390625 0.03828125 0.053125
1 0.19921875 0.0265625 0.071875 0.053125
1 0.7328125 0.03359375 0.0671875 0.0671875
1 0.678125 0.02265625 0.053125 0.0453125
1 0.96953125 0.06484375 0.0609375 0.1296875
1 0.34140625 0.021875 0.0625 0.04296875
1 0.88125 0.02890625 0.06484375 0.0578125
1 0.61328125 0.00859375 0.0484375 0.0171875
1 0.40234375 0.0109375 0.040625 0.021875