0 0.4828125 0.40625 0.053125 0.053125
0 0.2875 0.47109375 0.06015625 0.0625
0 0.0890625 0.4015625 0.071875 0.0671875
0 0.62734375 0.484375 0.053125 0.06015625
0 0.33203125 0.40625 0.053125 0.0578125
0 0.44921875 0.45703125 0.0671875 0.0625
0 0.728125 0.4578125 0.04296875 0.05078125
0 0.740625 0.37890625 0.04296875 0.0453125
0 0.96875 0.446875 0.04296875 0.03359375
0 0.9515625 0.4171875 0.03359375 0.03125
0 0.896875 0.43984375 0.04296875 0.04296875
0 0.86640625 0.396875 0.040625 0.03359375
2 0.62109375 0.5515625 0.11328125 0.18984375
2 0.4625 0.54296875 0.1421875 0.21640625
2 0.3125 0.5453125 0.134375 0.22109375
1 0.16484375 0.453125 0.0796875 0.0796875
2 0.96171875 0.5015625 0.071875 0.1421875
2 0.8703125 0.4984375 0.09609375 0.1421875
2 0.71484375 0.52890625 0.103125 0.1828125
0 0.79296875 0.44921875 0.03359375 0.04296875
2 0.78515625 0.5203125 0.084375 0.18046875
2 0.725 0.39765625 0.09375 0.084375
0 0.80390625 0.3953125 0.040625 0.0359375
2 0.80390625 0.4078125 0.06953125 0.06484375
2 0.859375 0.43125 0.05078125 0.09375
2 0.9359375 0.43984375 0.05546875 0.071875
2 0.18359375 0.53359375 0.12265625 0.240625
2 0.49765625 0.41796875 0.10546875 0.0765625
0 0.4828125 0.025 0.05625 0.05
0 0.0875 0.03125 0.07421875 0.0625
0 0.33046875 0.0265625 0.05546875 0.053125
0 0.740625 0.0515625 0.04296875 0.0453125
0 0.95078125 0.0140625 0.0359375 0.028125
0 0.8953125 0.00625 0.0453125 0.01171875
0 0.86640625 0.03125 0.040625 0.03359375
2 0.62265625 0.9578125 0.115625 0.0796875
2 0.4640625 0.95546875 0.14453125 0.084375
2 0.3109375 0.953125 0.13671875 0.0890625
1 0.165625 0.00859375 0.08203125 0.0171875
2 0.71640625 0.97109375 0.10546875 0.053125
2 0.7859375 0.97578125 0.08671875 0.04296875
2 0.72578125 0.0375 0.09609375 0.07421875
0 0.80390625 0.03515625 0.040625 0.0359375
2 0.80625 0.02734375 0.071875 0.0546875
2 0.8609375 0.02265625 0.053125 0.0453125
2 0.9375 0.01328125 0.0578125 0.0265625
2 0.18515625 0.9546875 0.125 0.08671875
2 0.49609375 0.025 0.1078125 0.05