1 0.89765625 0.37265625 0.06953125 0.0984375
1 0.32421875 0.3734375 0.08203125 0.09609375
1 0.55859375 0.37109375 0.06953125 0.09140625
1 0.0421875 0.3578125 0.06953125 0.11796875
1 0.8328125 0.409375 0.11328125 0.14921875
1 0.1203125 0.38828125 0.1203125 0.14453125
1 0.4859375 0.390625 0.08671875 0.10625
1 0.24296875 0.3328125 0.10546875 0.14453125
1 0.70546875 0.37109375 0.09375 0.13046875
1 0.37734375 0.36953125 0.0578125 0.06953125
1 0.6390625 0.37734375 0.0484375 0.075
1 0.040625 0.01796875 0.071875 0.0359375
1 0.24375 0.0375 0.1078125 0.075
1 0.7046875 0.01484375 0.09609375 0.02890625