0 0.6109375 0.41015625 0.04296875 0.06484375
0 0.96015625 0.5 0.040625 0.0625
0 0.83671875 0.55546875 0.053125 0.0578125
0 0.6609375 0.2921875 0.03359375 0.040625
0 0.68515625 0.2671875 0.03359375 0.053125
0 0.4 0.5296875 0.040625 0.06484375
0 0.21640625 0.53515625 0.053125 0.05546875
0 0.4421875 0.4203125 0.04296875 0.0578125
0 0.38125 0.42890625 0.05078125 0.06484375
0 0.20703125 0.42578125 0.0484375 0.0578125
0 0.16484375 0.4203125 0.03125 0.0484375
0 0.6609375 0.0421875 0.03359375 0.040625
0 0.68515625 0.06484375 0.03359375 0.053125