0 0.41484375 0.3078125 0.0796875 0.071875
0 0.84375 0.15625 0.0578125 0.053125
0 0.53515625 0.178125 0.0453125 0.0484375
0 0.4171875 0.15625 0.05078125 0.053125
0 0.33046875 0.15859375 0.0359375 0.03828125
0 0.2390625 0.1625 0.0359375 0.0453125
0 0.1265625 0.1546875 0.0453125 0.0359375
0 0.7546875 0.19140625 0.04296875 0.040625
0 0.84375 0.09375 0.0578125 0.053125
0 0.53515625 0.071875 0.0453125 0.0484375
0 0.4171875 0.09375 0.05078125 0.053125
0 0.33046875 0.09140625 0.0359375 0.03828125
0 0.2390625 0.08984375 0.0359375 0.0453125
0 0.1265625 0.09765625 0.0453125 0.0359375
0 0.7546875 0.0609375 0.04296875 0.040625