0 0.8421875 0.2390625 0.11796875 0.12734375
0 0.61328125 0.4640625 0.09140625 0.10546875
0 0.26796875 0.30078125 0.0359375 0.03828125
0 0.58984375 0.28125 0.021875 0.02890625
0 0.28515625 0.2703125 0.0265625 0.0265625
0 0.584375 0.234375 0.01953125 0.021875
0 0.63125 0.26328125 0.021875 0.021875
0 0.42421875 0.24375 0.0171875 0.0171875
0 0.44453125 0.26328125 0.0140625 0.021875
0 0.8421875 0.1 0.11796875 0.12734375
0 0.26796875 0.0359375 0.0359375 0.03828125
0 0.58984375 0.05546875 0.021875 0.02890625
0 0.28515625 0.06875 0.0265625 0.0265625
0 0.584375 0.1046875 0.01953125 0.021875
0 0.63125 0.07578125 0.021875 0.021875
0 0.42421875 0.0953125 0.0171875 0.0171875
0 0.44453125 0.07578125 0.0140625 0.021875