0 0.33359375 0.31875 0.1375 0.19453125
0 0.1640625 0.30625 0.07265625 0.19921875
0 0.63828125 0.3078125 0.14453125 0.196875
0 0.46953125 0.26796875 0.13984375 0.165625
0 0.2796875 0.22109375 0.115625 0.1734375
0 0.56015625 0.196875 0.11328125 0.14453125
0 0.72890625 0.228125 0.11796875 0.2015625
0 0.2171875 0.21640625 0.09140625 0.14453125
0 0.1578125 0.16328125 0.06015625 0.1109375
0 0.4484375 0.14296875 0.09609375 0.11796875
0 0.80234375 0.2234375 0.07265625 0.15859375
0 0.31484375 0.14921875 0.09375 0.10546875
0 0.68046875 0.053125 0.075 0.071875
0 0.753125 0.10234375 0.084375 0.103125
0 0.84375 0.19453125 0.0578125 0.16328125
0 0.40625 0.07421875 0.06953125 0.09609375
0 0.359375 0.125 0.07265625 0.1109375
0 0.08671875 0.30625 0.07265625 0.19921875
0 0.015625 0.22265625 0.03125 0.17578125
0 0.98046875 0.2296875 0.03359375 0.2046875
0 0.040625 0.2171875 0.08125 0.146875
0 0.0953125 0.16328125 0.06015625 0.1109375
0 0.94921875 0.2234375 0.07265625 0.15859375
0 0.97734375 0.10078125 0.040625 0.10546875
0 0.90859375 0.19453125 0.0578125 0.16328125