0 0.39921875 0.5046875 0.134375 0.12734375
1 0.0765625 0.509375 0.1296875 0.1375
1 0.2484375 0.51171875 0.1078125 0.11796875
1 0.03984375 0.42890625 0.06484375 0.0625
1 0.63203125 0.515625 0.04296875 0.0578125
1 0.79921875 0.59140625 0.06953125 0.075
0 0.79921875 0.48203125 0.021875 0.03359375
1 0.73203125 0.53359375 0.040625 0.04609375
1 0.7765625 0.540625 0.0484375 0.04609375
1 0.90859375 0.49609375 0.03359375 0.04375
1 0.8171875 0.5015625 0.02890625 0.03359375
1 0.7515625 0.49140625 0.0265625 0.02890625