0 0.68984375 0.228125 0.08671875 0.10078125
0 0.0953125 0.303125 0.06484375 0.071875
0 0.97265625 0.23046875 0.05078125 0.1109375
0 0.46640625 0.28828125 0.053125 0.0671875
0 0.39921875 0.28125 0.0671875 0.071875
0 0.5046875 0.22578125 0.03359375 0.04296875
0 0.28515625 0.21875 0.0359375 0.053125
0 0.17421875 0.2453125 0.05078125 0.053125
0 0.203125 0.22109375 0.0359375 0.0484375
0 0.44140625 0.234375 0.0265625 0.0453125
0 0.1515625 0.2328125 0.03359375 0.0484375
0 0.6890625 0.0375 0.0890625 0.07421875
0 0.9734375 0.03828125 0.053125 0.0765625
0 0.5046875 0.02421875 0.03359375 0.04296875
0 0.28515625 0.03125 0.0359375 0.053125
0 0.17578125 0.0171875 0.053125 0.03359375
0 0.203125 0.02890625 0.0359375 0.0484375
0 0.4421875 0.0203125 0.02890625 0.040625
0 0.15 0.021875 0.0359375 0.04296875