0 0.26796875 0.3484375 0.19453125 0.23046875
0 0.6359375 0.4890625 0.06953125 0.0796875
0 0.82578125 0.46875 0.0984375 0.125
0 0.75 0.4890625 0.08671875 0.11328125
0 0.50390625 0.47734375 0.05078125 0.05546875
0 0.8890625 0.4203125 0.0578125 0.08203125
0 0.56640625 0.49140625 0.06484375 0.06953125
0 0.3453125 0.40390625 0.0796875 0.09140625
0 0.66484375 0.45078125 0.0359375 0.0359375
1 0.97734375 0.453125 0.040625 0.06953125
1 0.9578125 0.396875 0.05078125 0.0625
0 0.26953125 0.02890625 0.196875 0.0578125