0 0.59375 0.234375 0.0671875 0.0984375
0 0.75625 0.2609375 0.15625 0.18046875
0 0.490625 0.25859375 0.09140625 0.1078125
0 0.92578125 0.2609375 0.1203125 0.165625
0 0.19140625 0.2796875 0.05546875 0.07421875
0 0.4203125 0.328125 0.125 0.1515625
0 0.5484375 0.26796875 0.04296875 0.06484375
0 0.8484375 0.24765625 0.053125 0.09140625
0 0.25390625 0.2921875 0.0359375 0.05546875
0 0.3171875 0.290625 0.03359375 0.0484375
0 0.35546875 0.28359375 0.03828125 0.053125
0 0.225 0.27265625 0.040625 0.05078125
0 0.59375 0.1 0.0671875 0.0984375
0 0.7546875 0.08203125 0.15859375 0.16328125
0 0.490625 0.07578125 0.09140625 0.1078125
0 0.9265625 0.078125 0.12265625 0.15625
0 0.19140625 0.05390625 0.05546875 0.07421875
0 0.42109375 0.040625 0.1265625 0.08125
0 0.5484375 0.06640625 0.04296875 0.06484375
0 0.8484375 0.084375 0.053125 0.09140625
0 0.25390625 0.0421875 0.0359375 0.05546875
0 0.3171875 0.040625 0.03359375 0.0484375
0 0.35546875 0.0484375 0.03828125 0.053125
0 0.225 0.0609375 0.040625 0.05078125