0 0.453125 0.3265625 0.06484375 0.0796875
0 0.52421875 0.29296875 0.09609375 0.1328125
0 0.8484375 0.27265625 0.1203125 0.15390625
0 0.68125 0.315625 0.1421875 0.178125
0 0.60703125 0.32890625 0.05546875 0.084375
1 0.28984375 0.3265625 0.07421875 0.0890625
0 0.7984375 0.32890625 0.0671875 0.0984375
0 0.4515625 0.02421875 0.0671875 0.0484375
0 0.52421875 0.05390625 0.0984375 0.1078125
0 0.84921875 0.06953125 0.1234375 0.1390625
0 0.6796875 0.05390625 0.14375 0.1078125
0 0.60546875 0.02421875 0.0578125 0.0484375
1 0.28828125 0.0265625 0.0765625 0.053125
0 0.7984375 0.02734375 0.06875 0.0546875