0 0.74140625 0.75625 0.09375 0.0984375
0 0.921875 0.65390625 0.0984375 0.09609375
0 0.41953125 0.8125 0.084375 0.08671875
0 0.60234375 0.44921875 0.06953125 0.071875
0 0.334375 0.55546875 0.071875 0.071875
0 0.21015625 0.2828125 0.06015625 0.06484375
0 0.22265625 0.678125 0.0796875 0.0671875
0 0.390625 0.5203125 0.05078125 0.06484375
0 0.6234375 0.3953125 0.06015625 0.06015625
0 0.7171875 0.4390625 0.06953125 0.06484375
0 0.4734375 0.5328125 0.053125 0.06484375
0 0.27421875 0.81015625 0.09140625 0.08671875
0 0.12890625 0.74609375 0.0890625 0.06953125
0 0.09609375 0.24375 0.0625 0.06953125
0 0.0828125 0.16796875 0.05546875 0.0578125
0 0.13203125 0.15625 0.0578125 0.03828125
0 0.74296875 0.9578125 0.09609375 0.0796875
0 0.41953125 0.9109375 0.084375 0.08671875
0 0.21171875 0.0109375 0.0625 0.021875
0 0.27421875 0.91328125 0.09140625 0.08671875
0 0.1296875 0.9703125 0.09140625 0.05546875
0 0.0953125 0.03125 0.06484375 0.0625
0 0.0828125 0.10078125 0.05546875 0.0578125
0 0.13203125 0.11328125 0.0578125 0.03828125