1 0.9671875 0.42890625 0.06015625 0.07734375
1 0.0796875 0.42421875 0.0671875 0.07265625
1 0.59609375 0.43046875 0.053125 0.06484375
1 0.203125 0.440625 0.0453125 0.0625
1 0.3265625 0.44921875 0.03359375 0.040625
1 0.021875 0.4625 0.03828125 0.0578125
1 0.15234375 0.46875 0.05078125 0.05546875
1 0.2640625 0.45390625 0.03828125 0.05546875
1 0.39765625 0.44609375 0.0453125 0.053125
1 0.43359375 0.440625 0.0359375 0.04375
1 0.5046875 0.440625 0.03828125 0.053125
1 0.53515625 0.44921875 0.03125 0.040625
1 0.69140625 0.44921875 0.05078125 0.06015625
1 0.66328125 0.43515625 0.03359375 0.05546875
1 0.740625 0.446875 0.03359375 0.04609375
1 0.8234375 0.42421875 0.05078125 0.0578125