0 0.79296875 0.49140625 0.0671875 0.06953125
0 0.375 0.53515625 0.0484375 0.05546875
0 0.05859375 0.49765625 0.040625 0.03359375
0 0.0796875 0.47265625 0.03359375 0.03125
0 0.1265625 0.490625 0.0453125 0.03359375
0 0.27734375 0.50625 0.05078125 0.0453125
0 0.5359375 0.50625 0.0578125 0.05546875
0 0.64765625 0.46484375 0.05078125 0.0453125
0 0.87109375 0.45546875 0.06953125 0.06015625
0 0.265625 0.428125 0.0359375 0.04296875
0 0.50234375 0.4625 0.04296875 0.0453125
0 0.6859375 0.52265625 0.07421875 0.07421875
0 0.15390625 0.4578125 0.04296875 0.0359375