1 0.85703125 0.38515625 0.2046875 0.240625
1 0.140625 0.38203125 0.06015625 0.075
1 0.30859375 0.38515625 0.0453125 0.07265625
1 0.978125 0.3796875 0.03359375 0.06015625
1 0.70703125 0.40234375 0.04296875 0.0625
1 0.6609375 0.390625 0.03359375 0.04375
1 0.6296875 0.4 0.02890625 0.03828125
1 0.603125 0.3828125 0.02890625 0.04375
1 0.5578125 0.39296875 0.03828125 0.053125
1 0.49140625 0.38828125 0.0265625 0.03359375
1 0.44140625 0.3890625 0.0359375 0.04609375
1 0.390625 0.4015625 0.0265625 0.03125
1 0.35078125 0.4 0.03828125 0.0484375
1 0.2671875 0.4109375 0.03359375 0.040625
1 0.228125 0.40703125 0.02890625 0.03359375
1 0.08046875 0.39296875 0.0359375 0.0484375
1 0.8578125 0.03515625 0.20703125 0.06953125