0 0.97578125 0.30859375 0.0484375 0.09375
0 0.359375 0.3125 0.06015625 0.08671875
1 0.703125 0.32421875 0.1515625 0.1828125
1 0.23203125 0.25390625 0.1421875 0.18515625
1 0.92421875 0.3015625 0.06484375 0.09375
1 0.85078125 0.31953125 0.09140625 0.125
1 0.51796875 0.26328125 0.12734375 0.165625
1 0.084375 0.30625 0.09140625 0.11328125
1 0.4078125 0.34609375 0.0453125 0.0671875
1 0.7046875 0.01953125 0.15390625 0.03828125
1 0.2328125 0.05546875 0.14453125 0.1109375
1 0.51953125 0.0453125 0.1296875 0.090625