0 0.21875 0.37890625 0.0765625 0.06953125
0 0.07421875 0.36875 0.09609375 0.09375
0 0.23671875 0.30390625 0.05546875 0.06015625
0 0.609375 0.2875 0.0453125 0.05078125
0 0.03359375 0.2875 0.0625 0.0984375
0 0.16953125 0.2390625 0.0453125 0.0359375
0 0.3921875 0.24140625 0.04296875 0.040625
1 0.45546875 0.5265625 0.07421875 0.08671875
1 0.32421875 0.24375 0.03359375 0.0453125
1 0.3796875 0.2609375 0.0484375 0.05546875
1 0.71640625 0.275 0.115625 0.1078125
1 0.8015625 0.2640625 0.06015625 0.08671875
1 0.97578125 0.25625 0.04296875 0.06484375
1 0.94921875 0.26953125 0.04296875 0.0671875
0 0.21875 0.0609375 0.0765625 0.06953125
0 0.07421875 0.07109375 0.09609375 0.09375
0 0.23671875 0.1359375 0.05546875 0.06015625
0 0.609375 0.15234375 0.0453125 0.05078125
0 0.03359375 0.15234375 0.0625 0.0984375
0 0.16953125 0.20078125 0.0453125 0.0359375
0 0.3921875 0.1984375 0.04296875 0.040625
1 0.32421875 0.19609375 0.03359375 0.0453125
1 0.3796875 0.17890625 0.0484375 0.05546875
1 0.71640625 0.16484375 0.115625 0.1078125
1 0.8015625 0.1734375 0.06015625 0.08671875
1 0.97578125 0.18359375 0.04296875 0.06484375
1 0.94921875 0.16796875 0.04296875 0.0671875