0 0.96484375 0.42578125 0.06015625 0.0765625
1 0.04296875 0.48046875 0.08203125 0.115625
1 0.77421875 0.44140625 0.0578125 0.06953125
1 0.44609375 0.421875 0.0453125 0.06953125
1 0.525 0.41796875 0.05546875 0.053125
1 0.67421875 0.41484375 0.0453125 0.06953125
1 0.84765625 0.40390625 0.0453125 0.053125
0 0.7328125 0.3890625 0.03828125 0.0484375
1 0.740625 0.41328125 0.03359375 0.04296875
1 0.603125 0.40625 0.03359375 0.053125
1 0.55078125 0.4015625 0.03359375 0.0578125
1 0.3734375 0.4046875 0.0453125 0.05546875
1 0.484375 0.3921875 0.03125 0.03828125