0 0.2984375 0.659375 0.125 0.12734375
0 0.61328125 0.421875 0.1109375 0.10625
0 0.1578125 0.3984375 0.11796875 0.09375
0 0.43046875 0.3734375 0.09609375 0.125
0 0.1703125 0.48203125 0.14921875 0.13046875
0 0.35 0.2109375 0.09375 0.084375
1 0.2515625 0.33359375 0.0890625 0.0984375
1 0.49140625 0.67109375 0.13671875 0.11796875
1 0.6671875 0.7109375 0.103125 0.1015625
1 0.72734375 0.4515625 0.12734375 0.11796875
0 0.29921875 0.97109375 0.12734375 0.053125
0 0.35 0.12421875 0.09375 0.084375
1 0.24921875 0.025 0.0921875 0.05
1 0.490625 0.9671875 0.1390625 0.06015625
1 0.665625 0.9515625 0.10546875 0.09140625