0 0.1109375 0.6359375 0.0484375 0.05546875
0 0.7125 0.25625 0.0453125 0.05078125
0 0.65625 0.63671875 0.04296875 0.04296875
1 0.35078125 0.25859375 0.0484375 0.0453125
1 0.56875 0.6703125 0.0359375 0.04296875
1 0.21484375 0.66328125 0.0359375 0.04296875
1 0.0203125 0.69375 0.0359375 0.0453125
1 0.98203125 0.665625 0.03125 0.04296875
0 0.7125 0.05859375 0.0453125 0.05078125
1 0.35078125 0.05625 0.0484375 0.0453125
1 0.56953125 0.99296875 0.03828125 0.009375
1 0.021875 0.98046875 0.03828125 0.03359375