0 0.04453125 0.44453125 0.06953125 0.08203125
0 0.51328125 0.4125 0.05546875 0.084375
0 0.2328125 0.43359375 0.0578125 0.06953125
0 0.88359375 0.39765625 0.06953125 0.084375
0 0.66484375 0.3890625 0.06015625 0.08203125
0 0.7328125 0.4171875 0.053125 0.06953125
0 0.1390625 0.43359375 0.053125 0.06953125
0 0.78515625 0.4125 0.0453125 0.06953125
0 0.415625 0.41796875 0.0625 0.071875
0 0.28984375 0.42421875 0.0453125 0.06484375
0 0.46171875 0.41484375 0.03359375 0.06953125
0 0.63125 0.42578125 0.03125 0.04296875
0 0.9265625 0.41796875 0.040625 0.0671875
0 0.60234375 0.43359375 0.0265625 0.040625