0 0.09765625 0.3984375 0.11328125 0.16640625
0 0.1921875 0.44453125 0.15390625 0.17109375
0 0.2703125 0.4375 0.05546875 0.12734375
0 0.36796875 0.48046875 0.04296875 0.075
0 0.4 0.46953125 0.05546875 0.08671875
0 0.44453125 0.453125 0.08203125 0.09609375
0 0.53125 0.359375 0.14453125 0.178125
0 0.70078125 0.41953125 0.1078125 0.115625
0 0.81015625 0.3515625 0.1203125 0.16875
0 0.89921875 0.43046875 0.08671875 0.10859375
0 0.946875 0.41953125 0.0484375 0.10625
0 0.8109375 0.0171875 0.12265625 0.03359375