0 0.78515625 0.390625 0.07421875 0.084375
0 0.19140625 0.4125 0.1421875 0.1609375
0 0.7046875 0.44921875 0.0765625 0.09140625
0 0.4671875 0.43515625 0.06015625 0.0765625
0 0.396875 0.4390625 0.0578125 0.0890625
0 0.54296875 0.41015625 0.0625 0.0890625
0 0.29296875 0.43046875 0.0765625 0.10078125
0 0.03984375 0.3859375 0.05546875 0.06484375
0 0.57109375 0.42890625 0.06484375 0.09375
0 0.3265625 0.40859375 0.04296875 0.0765625
0 0.56484375 0.42578125 0.08203125 0.10546875
0 0.35546875 0.421875 0.03359375 0.07421875