1 0.27421875 0.39375 0.071875 0.084375
1 0.7921875 0.37265625 0.07421875 0.084375
1 0.171875 0.4109375 0.07421875 0.0796875
1 0.4078125 0.3890625 0.06953125 0.075
1 0.63828125 0.390625 0.06484375 0.07734375
1 0.0328125 0.4 0.05078125 0.0625
1 0.953125 0.3828125 0.05078125 0.053125
1 0.125 0.40625 0.03359375 0.05078125
1 0.27421875 0.046875 0.071875 0.084375
1 0.7921875 0.06875 0.07421875 0.084375
1 0.1703125 0.03515625 0.0765625 0.06953125
1 0.4078125 0.0515625 0.06953125 0.075
1 0.63828125 0.0484375 0.06484375 0.07734375
1 0.0328125 0.03828125 0.05078125 0.0625
1 0.953125 0.05546875 0.05078125 0.053125
1 0.125 0.03515625 0.03359375 0.05078125