0 0.09375 0.30625 0.08671875 0.10625
0 0.52265625 0.3171875 0.06484375 0.0890625
0 0.71875 0.3359375 0.0671875 0.075
0 0.2875 0.33828125 0.06953125 0.084375
0 0.8859375 0.321875 0.084375 0.10859375
0 0.396875 0.30859375 0.0578125 0.09140625
0 0.459375 0.3578125 0.03359375 0.05078125
0 0.5765625 0.34921875 0.03828125 0.0578125
0 0.6625 0.35625 0.0453125 0.0625
0 0.8125 0.35625 0.0484375 0.0578125
0 0.09453125 0.040625 0.0890625 0.08125
0 0.521875 0.03125 0.0671875 0.0625
0 0.7203125 0.01796875 0.06953125 0.0359375
0 0.2859375 0.01953125 0.071875 0.03828125
0 0.884375 0.03359375 0.08671875 0.0671875
0 0.396875 0.0359375 0.059375 0.071875
0 0.578125 0.00703125 0.040625 0.0140625