0 0.86640625 0.28046875 0.084375 0.0984375
0 0.5671875 0.25078125 0.08203125 0.09140625
0 0.97265625 0.27265625 0.05078125 0.08203125
0 0.81953125 0.28515625 0.0578125 0.0796875
0 0.49296875 0.42265625 0.1296875 0.1421875
0 0.2140625 0.38515625 0.0578125 0.0578125
0 0.71875 0.28515625 0.03359375 0.04609375
0 0.55859375 0.3359375 0.0453125 0.05546875
0 0.86640625 0.05390625 0.084375 0.0984375
0 0.5671875 0.08203125 0.08203125 0.09140625
0 0.97265625 0.06015625 0.05078125 0.08203125
0 0.81953125 0.04921875 0.0578125 0.0796875
0 0.71875 0.04921875 0.03359375 0.04609375
0 0.5578125 0.01328125 0.0484375 0.0265625