1 0.790625 0.2984375 0.071875 0.08671875
1 0.3109375 0.29375 0.06953125 0.08671875
1 0.62109375 0.3 0.06953125 0.0796875
1 0.12734375 0.31328125 0.08203125 0.09609375
1 0.490625 0.29296875 0.0578125 0.06953125
1 0.91484375 0.29609375 0.11796875 0.125
1 0.8703125 0.27734375 0.071875 0.1015625
1 0.41953125 0.325 0.05078125 0.0625
1 0.790625 0.04375 0.071875 0.08671875
1 0.3109375 0.0484375 0.06953125 0.08671875
1 0.62109375 0.04453125 0.06953125 0.0796875
1 0.12890625 0.03984375 0.084375 0.0796875
1 0.490625 0.0515625 0.0578125 0.06953125
1 0.91328125 0.05546875 0.1203125 0.1109375
1 0.8703125 0.06484375 0.071875 0.1015625
1 0.4171875 0.025 0.053125 0.05