0 0.65625 0.5109375 0.1390625 0.13046875
0 0.90234375 0.3515625 0.18984375 0.221875
0 0.03984375 0.26015625 0.0453125 0.053125
0 0.334375 0.45625 0.04296875 0.05546875
0 0.421875 0.44609375 0.0359375 0.0484375
0 0.50859375 0.44921875 0.0453125 0.05546875
0 0.58203125 0.44453125 0.03359375 0.04609375
0 0.15390625 0.23046875 0.03828125 0.04609375
0 0.259375 0.284375 0.053125 0.0578125
0 0.9015625 0.04453125 0.1921875 0.0890625
0 0.03984375 0.0671875 0.0453125 0.053125
0 0.15390625 0.1 0.03828125 0.04609375
0 0.259375 0.04375 0.053125 0.0578125