0 0.30546875 0.29296875 0.053125 0.06015625
0 0.4375 0.26953125 0.0625 0.0578125
0 0.76328125 0.2203125 0.040625 0.04609375
0 0.88125 0.28828125 0.040625 0.04609375
0 0.7609375 0.440625 0.103125 0.125
2 0.72109375 0.5578125 0.3078125 0.34921875
2 0.2828125 0.340625 0.209375 0.17578125
2 0.4515625 0.33515625 0.1296875 0.178125
2 0.7546875 0.29140625 0.09609375 0.178125
2 0.86875 0.33046875 0.09375 0.13046875
0 0.30546875 0.0421875 0.053125 0.06015625
0 0.4375 0.0625 0.0625 0.0578125
0 0.76328125 0.11484375 0.040625 0.04609375
0 0.88125 0.046875 0.040625 0.04609375
2 0.28046875 0.040625 0.2109375 0.08125
2 0.453125 0.04453125 0.13203125 0.0890625
2 0.75625 0.06640625 0.0984375 0.1328125
2 0.86796875 0.03515625 0.09609375 0.06953125