1 0.2515625 0.46015625 0.07421875 0.09375
1 0.93046875 0.459375 0.1109375 0.125
1 0.125 0.475 0.09609375 0.11796875
1 0.9109375 0.384375 0.0625 0.0671875
1 0.7640625 0.38828125 0.0578125 0.06953125
1 0.05625 0.52265625 0.1078125 0.12734375
1 0.66484375 0.4578125 0.0890625 0.09375
1 0.56484375 0.39921875 0.0578125 0.0671875
1 0.76953125 0.475 0.08671875 0.103125
1 0.69453125 0.390625 0.04296875 0.05078125
1 0.634375 0.41484375 0.0484375 0.06484375
1 0.14453125 0.4046875 0.053125 0.05078125
1 0.60078125 0.38203125 0.03359375 0.04296875