1 0.60078125 0.32890625 0.0671875 0.075
1 0.1078125 0.38828125 0.1296875 0.13984375
1 0.93984375 0.33984375 0.0625 0.0625
1 0.80546875 0.3328125 0.0484375 0.0578125
1 0.8640625 0.33984375 0.0453125 0.053125
1 0.43359375 0.359375 0.0453125 0.0578125
1 0.71015625 0.340625 0.040625 0.05078125
1 0.2328125 0.35546875 0.04296875 0.05078125
1 0.31953125 0.359375 0.0484375 0.0578125
1 0.646875 0.35390625 0.03359375 0.0484375
1 0.60078125 0.05390625 0.0671875 0.075
1 0.109375 0.0328125 0.13203125 0.06484375
1 0.93984375 0.040625 0.0625 0.0625
1 0.80546875 0.0484375 0.0484375 0.0578125
1 0.8640625 0.040625 0.0453125 0.053125
1 0.4328125 0.0265625 0.0484375 0.053125
1 0.71015625 0.0421875 0.040625 0.05078125
1 0.2328125 0.02734375 0.04296875 0.05078125
1 0.32109375 0.0265625 0.05078125 0.053125
1 0.646875 0.0265625 0.03359375 0.0484375