1 0.734375 0.33984375 0.06484375 0.06953125
1 0.32578125 0.3453125 0.0453125 0.05546875
1 0.8640625 0.3734375 0.0359375 0.06015625
1 0.82421875 0.384375 0.03359375 0.0484375
1 0.90390625 0.37890625 0.03359375 0.05078125
1 0.6703125 0.3765625 0.03359375 0.0453125
1 0.58984375 0.3703125 0.0359375 0.053125
1 0.56015625 0.37890625 0.03359375 0.05078125
1 0.4484375 0.3578125 0.0453125 0.0578125
1 0.3921875 0.34609375 0.03828125 0.0578125
1 0.19140625 0.32578125 0.05078125 0.06015625
1 0.78828125 0.3953125 0.02890625 0.0359375