0 0.90625 0.30625 0.08671875 0.10625
0 0.47734375 0.3171875 0.06484375 0.0890625
0 0.28125 0.3359375 0.0671875 0.075
0 0.7125 0.33828125 0.06953125 0.084375
0 0.1140625 0.321875 0.084375 0.10859375
0 0.603125 0.30859375 0.0578125 0.09140625
0 0.540625 0.3578125 0.03359375 0.05078125
0 0.4234375 0.34921875 0.03828125 0.0578125
0 0.3375 0.35625 0.0453125 0.0625
0 0.1875 0.35625 0.0484375 0.0578125
0 0.90546875 0.040625 0.0890625 0.08125
0 0.478125 0.03125 0.0671875 0.0625
0 0.2796875 0.01796875 0.06953125 0.0359375
0 0.7140625 0.01953125 0.071875 0.03828125
0 0.115625 0.03359375 0.08671875 0.0671875
0 0.603125 0.0359375 0.059375 0.071875
0 0.421875 0.00703125 0.040625 0.0140625