0 0.5640625 0.4890625 0.04375 0.0359375
0 0.1984375 0.4890625 0.04609375 0.06484375
0 0.73984375 0.41484375 0.0484375 0.0453125
0 0.29140625 0.46015625 0.03828125 0.05078125
0 0.67109375 0.515625 0.05078125 0.040625
0 0.63828125 0.5140625 0.04375 0.03828125
0 0.42421875 0.48046875 0.02890625 0.02890625
0 0.38828125 0.4546875 0.02890625 0.02890625
0 0.36640625 0.446875 0.02421875 0.03359375
0 0.10234375 0.4890625 0.04609375 0.06484375
0 0.9640625 0.41484375 0.0484375 0.0453125
0 0.01484375 0.459375 0.02890625 0.053125