0 0.2921875 0.5421875 0.084375 0.0984375
0 0.18359375 0.27734375 0.06953125 0.084375
0 0.1671875 0.49765625 0.103125 0.1109375
0 0.32109375 0.303125 0.05546875 0.0671875
0 0.5359375 0.46875 0.053125 0.053125
0 0.36796875 0.2796875 0.053125 0.06484375
0 0.5875 0.32421875 0.05078125 0.053125
0 0.5171875 0.3078125 0.04296875 0.0578125
0 0.41015625 0.328125 0.0453125 0.05546875
0 0.3171875 0.49765625 0.0578125 0.0578125
0 0.53515625 0.44140625 0.06015625 0.05078125
0 0.18359375 0.05625 0.06953125 0.084375
0 0.321875 0.0328125 0.0578125 0.06484375
0 0.36796875 0.05390625 0.053125 0.06484375
0 0.5890625 0.01796875 0.053125 0.0359375
0 0.51640625 0.02734375 0.0453125 0.0546875
0 0.4109375 0.0171875 0.0484375 0.03359375