0 0.85234375 0.415625 0.06015625 0.0796875
0 0.80546875 0.4 0.053125 0.07265625
0 0.76171875 0.415625 0.03828125 0.04609375
0 0.646875 0.4203125 0.0484375 0.06953125
0 0.5734375 0.38515625 0.05078125 0.0625
0 0.47578125 0.39296875 0.053125 0.0578125
0 0.43515625 0.3578125 0.0484375 0.06015625
0 0.36875 0.33359375 0.0453125 0.06484375
0 0.39453125 0.3359375 0.03828125 0.05546875
0 0.27265625 0.33515625 0.05546875 0.0671875
0 0.2234375 0.32421875 0.0484375 0.075
0 0.43359375 0.00625 0.05078125 0.01171875
0 0.3703125 0.01953125 0.0484375 0.03828125
0 0.39296875 0.015625 0.040625 0.03125
0 0.27421875 0.01953125 0.0578125 0.03828125
0 0.22265625 0.0265625 0.05078125 0.053125