0 0.8453125 0.3578125 0.06484375 0.0796875
0 0.54296875 0.3828125 0.0578125 0.0671875
0 0.703125 0.37734375 0.05546875 0.075
0 0.7703125 0.37109375 0.05546875 0.0671875
0 0.1921875 0.3375 0.10078125 0.1109375
0 0.61796875 0.39296875 0.0484375 0.0625
0 0.47265625 0.38828125 0.05078125 0.0671875
0 0.3796875 0.40234375 0.0484375 0.0484375
0 0.6453125 0.36640625 0.0453125 0.053125
0 0.884375 0.3671875 0.02890625 0.06015625
0 0.8453125 0.08828125 0.06484375 0.0796875
0 0.54296875 0.06015625 0.0578125 0.0671875
0 0.703125 0.06875 0.05546875 0.075
0 0.7703125 0.07265625 0.05546875 0.0671875
0 0.1921875 0.10625 0.10078125 0.1109375
0 0.61796875 0.05078125 0.0484375 0.0625
0 0.47265625 0.05546875 0.05078125 0.0671875
0 0.3796875 0.040625 0.0484375 0.0484375
0 0.6453125 0.07734375 0.0453125 0.053125
0 0.884375 0.078125 0.02890625 0.06015625