0 0.6828125 0.275 0.08671875 0.12734375
0 0.38125 0.3546875 0.11796875 0.12734375
0 0.7609375 0.25390625 0.13203125 0.18046875
0 0.36640625 0.15234375 0.06953125 0.0890625
0 0.27890625 0.1890625 0.03359375 0.0359375
0 0.44453125 0.225 0.0484375 0.05078125
0 0.61328125 0.1671875 0.0578125 0.06484375
0 0.5515625 0.19375 0.0359375 0.0453125
0 0.421875 0.1546875 0.05078125 0.0453125
0 0.96484375 0.27421875 0.06484375 0.1296875
0 0.9 0.25390625 0.13203125 0.18046875
0 0.053125 0.1890625 0.03359375 0.0359375