0 0.7078125 0.5421875 0.084375 0.0984375
0 0.81640625 0.27734375 0.06953125 0.084375
0 0.8328125 0.49765625 0.103125 0.1109375
0 0.67890625 0.303125 0.05546875 0.0671875
0 0.4640625 0.46875 0.053125 0.053125
0 0.63203125 0.2796875 0.053125 0.06484375
0 0.4125 0.32421875 0.05078125 0.053125
0 0.4828125 0.3078125 0.04296875 0.0578125
0 0.58984375 0.328125 0.0453125 0.05546875
0 0.6828125 0.49765625 0.0578125 0.0578125
0 0.46484375 0.44140625 0.06015625 0.05078125
0 0.81640625 0.05625 0.06953125 0.084375
0 0.678125 0.0328125 0.0578125 0.06484375
0 0.63203125 0.05390625 0.053125 0.06484375
0 0.4109375 0.01796875 0.053125 0.0359375
0 0.48359375 0.02734375 0.0453125 0.0546875
0 0.5890625 0.0171875 0.0484375 0.03359375