0 0.51953125 0.34921875 0.0765625 0.10625
0 0.08671875 0.32734375 0.1296875 0.1640625
0 0.41328125 0.35625 0.09140625 0.1109375
0 0.203125 0.3421875 0.0796875 0.115625
0 0.33984375 0.35625 0.06015625 0.08203125
0 0.26328125 0.35546875 0.0453125 0.0796875
0 0.5734375 0.3640625 0.040625 0.0578125
0 0.6671875 0.33984375 0.05078125 0.0625
0 0.62265625 0.36171875 0.03359375 0.0578125
0 0.303125 0.3671875 0.03359375 0.06953125
0 0.5203125 0.01953125 0.0796875 0.03828125
0 0.0875 0.04453125 0.13203125 0.0890625
0 0.41484375 0.0171875 0.09375 0.03359375
0 0.20078125 0.025 0.0828125 0.05
0 0.3390625 0.009375 0.0625 0.01875
0 0.26171875 0.009375 0.0484375 0.01875
0 0.665625 0.01328125 0.053125 0.0265625