1 0.47734375 0.446875 0.0359375 0.05078125
1 0.0828125 0.43046875 0.05546875 0.06015625
1 0.21875 0.44375 0.0484375 0.0578125
1 0.19140625 0.4359375 0.03125 0.04375
1 0.2828125 0.4328125 0.040625 0.05546875
1 0.3078125 0.4515625 0.03828125 0.04609375
1 0.3546875 0.459375 0.040625 0.05546875
1 0.3921875 0.46015625 0.03359375 0.0484375
1 0.65234375 0.44609375 0.05546875 0.0578125
1 0.95703125 0.46171875 0.03359375 0.04609375
1 0.93359375 0.46640625 0.0265625 0.040625
1 0.82578125 0.47109375 0.0453125 0.05078125
1 0.73203125 0.45390625 0.040625 0.05078125