0 0.0734375 0.51328125 0.1421875 0.1703125
0 0.24375 0.22265625 0.11328125 0.103125
0 0.52421875 0.3890625 0.1109375 0.15390625
0 0.8921875 0.27265625 0.10078125 0.1078125
0 0.328125 0.40390625 0.11328125 0.15390625
0 0.71171875 0.36640625 0.1296875 0.19453125
0 0.68515625 0.2125 0.10546875 0.0984375
0 0.2046875 0.375 0.1109375 0.1203125
0 0.4671875 0.165625 0.103125 0.08203125
0 0.2453125 0.040625 0.115625 0.08125
0 0.890625 0.0171875 0.103125 0.03359375
0 0.68359375 0.04453125 0.1078125 0.0890625
0 0.4671875 0.084375 0.103125 0.08203125