0 0.83203125 0.3203125 0.08203125 0.1015625
0 0.1140625 0.3328125 0.06953125 0.09140625
0 0.6296875 0.34375 0.0671875 0.0890625
0 0.3453125 0.33828125 0.06484375 0.0890625
0 0.50625 0.3484375 0.06015625 0.09375
0 0.4578125 0.33984375 0.05078125 0.08671875
0 0.70546875 0.375 0.0453125 0.05546875
1 0.2203125 0.34453125 0.06484375 0.0671875
1 0.2796875 0.34609375 0.040625 0.05078125
0 0.75234375 0.36953125 0.03828125 0.05546875
1 0.14921875 0.33984375 0.03828125 0.053125
1 0.0765625 0.35546875 0.03828125 0.06953125
1 0.571875 0.359375 0.03828125 0.03359375
1 0.41328125 0.35078125 0.03359375 0.040625
0 0.8328125 0.0328125 0.084375 0.06484375
0 0.11328125 0.02421875 0.071875 0.0484375
0 0.63125 0.01796875 0.06953125 0.0359375
0 0.34375 0.0203125 0.0671875 0.040625
0 0.5046875 0.0171875 0.0625 0.03359375
0 0.45703125 0.01953125 0.053125 0.03828125
1 0.21796875 0.01171875 0.0671875 0.0234375
1 0.278125 0.00703125 0.04375 0.0140625
1 0.15 0.0109375 0.040625 0.021875
1 0.078125 0.00703125 0.040625 0.0140625