0 0.921875 0.4515625 0.0171875 0.01953125
0 0.553125 0.4359375 0.01953125 0.0171875
0 0.48828125 0.4984375 0.02421875 0.021875
0 0.18984375 0.51328125 0.02890625 0.0359375
0 0.06640625 0.51953125 0.0359375 0.03359375
0 0.32421875 0.446875 0.0140625 0.0140625
0 0.33671875 0.43984375 0.0140625 0.0140625
0 0.74765625 0.40390625 0.009375 0.0140625
0 0.76171875 0.4125 0.009375 0.01171875
2 0.928125 0.490625 0.03828125 0.09140625
2 0.76171875 0.4328125 0.0140625 0.0578125
2 0.74375 0.42578125 0.0171875 0.0484375
2 0.4859375 0.553125 0.03828125 0.134375
2 0.55859375 0.459375 0.03125 0.0671875
2 0.3171875 0.4859375 0.02890625 0.09140625
2 0.3390625 0.47265625 0.01953125 0.0796875
2 0.1921875 0.5796875 0.071875 0.15390625
2 0.0578125 0.60703125 0.10078125 0.19921875
0 0.921875 0.125 0.0171875 0.01953125
0 0.921875 0.96171875 0.0171875 0.01953125
0 0.553125 0.14296875 0.01953125 0.0171875
0 0.553125 0.9796875 0.01953125 0.0171875
0 0.48828125 0.08046875 0.02421875 0.021875
0 0.48828125 0.9171875 0.02421875 0.021875
0 0.18984375 0.06640625 0.02890625 0.0359375
0 0.18984375 0.90234375 0.02890625 0.0359375
0 0.06640625 0.0578125 0.0359375 0.03359375
0 0.06640625 0.89453125 0.0359375 0.03359375
0 0.32421875 0.1296875 0.0140625 0.0140625
0 0.32421875 0.96640625 0.0140625 0.0140625
0 0.33671875 0.13671875 0.0140625 0.0140625
0 0.33671875 0.9734375 0.0140625 0.0140625
0 0.74765625 0.1734375 0.009375 0.0140625
0 0.76171875 0.1671875 0.009375 0.01171875
0 0.7609375 0.99609375 0.01171875 0.00234375
2 0.928125 0.08671875 0.03828125 0.09140625
2 0.928125 0.9234375 0.03828125 0.09140625
2 0.76171875 0.14453125 0.0140625 0.0578125
2 0.7609375 0.975 0.0171875 0.0453125
2 0.74375 0.1515625 0.0171875 0.0484375
2 0.7453125 0.98046875 0.01953125 0.03359375
2 0.484375 0.046875 0.040625 0.09375
2 0.4859375 0.8609375 0.03828125 0.134375
2 0.55859375 0.11796875 0.03125 0.0671875
2 0.55859375 0.9546875 0.03125 0.0671875
2 0.3171875 0.09140625 0.02890625 0.09140625
2 0.3171875 0.928125 0.02890625 0.09140625
2 0.3390625 0.10703125 0.01953125 0.0796875
2 0.3390625 0.94375 0.01953125 0.0796875
2 0.19140625 0.03828125 0.07421875 0.0765625
2 0.1921875 0.834375 0.071875 0.15390625
2 0.05625 0.0359375 0.103125 0.071875
2 0.0578125 0.80859375 0.10078125 0.19921875