0 0.69140625 0.6734375 0.0265625 0.03359375
0 0.2515625 0.6078125 0.05546875 0.0578125
0 0.35078125 0.521875 0.0484375 0.053125
0 0.4515625 0.45078125 0.053125 0.06015625
0 0.62734375 0.28828125 0.0625 0.0578125
0 0.54296875 0.6734375 0.03359375 0.03828125
0 0.9390625 0.6703125 0.06484375 0.08203125
0 0.8953125 0.6546875 0.05546875 0.06953125
0 0.7328125 0.709375 0.08203125 0.10546875
0 0.8078125 0.6765625 0.03828125 0.05078125
0 0.68984375 0.98671875 0.02890625 0.021875
0 0.62734375 0.03828125 0.0625 0.0578125
0 0.54453125 0.9859375 0.0359375 0.02421875
0 0.9375 0.97578125 0.0671875 0.04296875
0 0.89453125 0.98671875 0.0578125 0.021875
0 0.734375 0.95078125 0.084375 0.09375
0 0.80859375 0.98046875 0.040625 0.03359375