0 0.73203125 0.50234375 0.0453125 0.04609375
0 0.9734375 0.28515625 0.04296875 0.05546875
0 0.8375 0.259375 0.0359375 0.04609375
0 0.74375 0.2421875 0.0359375 0.0359375
0 0.6515625 0.2671875 0.03359375 0.04375
0 0.27421875 0.6 0.04296875 0.03828125
0 0.28515625 0.48671875 0.040625 0.03828125
0 0.21171875 0.51171875 0.04296875 0.0359375
0 0.9734375 0.04921875 0.04296875 0.05546875
0 0.8375 0.07578125 0.0359375 0.04609375
0 0.74375 0.09296875 0.0359375 0.0359375
0 0.6515625 0.06484375 0.03359375 0.04375