1 0.1515625 0.40703125 0.04296875 0.053125
1 0.4015625 0.40703125 0.04296875 0.0484375
1 0.5296875 0.41328125 0.040625 0.04609375
1 0.61875 0.41953125 0.05078125 0.0484375
1 0.7171875 0.4046875 0.0453125 0.053125
1 0.83984375 0.425 0.040625 0.04609375
1 0.1515625 0.03125 0.04296875 0.053125
1 0.4015625 0.03125 0.04296875 0.0484375
1 0.5296875 0.02734375 0.040625 0.04609375
1 0.6171875 0.02265625 0.053125 0.0453125
1 0.7171875 0.03359375 0.0453125 0.053125
1 0.8390625 0.01953125 0.04296875 0.03828125