0 0.8390625 0.29921875 0.071875 0.09375
0 0.3265625 0.29296875 0.0671875 0.09609375
0 0.18359375 0.2859375 0.06484375 0.08671875
0 0.47578125 0.29921875 0.09140625 0.11796875
0 0.646875 0.31875 0.0578125 0.07421875
0 0.790625 0.31875 0.053125 0.06953125
0 0.1453125 0.31640625 0.040625 0.06015625
0 0.83984375 0.03828125 0.07421875 0.0765625
0 0.328125 0.0421875 0.06953125 0.084375
0 0.18203125 0.04296875 0.0671875 0.0859375
0 0.47734375 0.04453125 0.09375 0.0890625
0 0.64765625 0.02421875 0.06015625 0.0484375
0 0.7921875 0.02265625 0.05546875 0.0453125
0 0.14453125 0.021875 0.04296875 0.04296875