1 0.23671875 0.37734375 0.07421875 0.10859375
1 0.3953125 0.38828125 0.09375 0.1109375
1 0.9125 0.3796875 0.12734375 0.15625
1 0.6421875 0.41484375 0.0578125 0.07734375
1 0.5671875 0.375 0.10078125 0.11796875
1 0.75625 0.390625 0.09375 0.13046875
1 0.96875 0.3421875 0.053125 0.159375
1 0.11640625 0.43359375 0.0453125 0.0578125
1 0.4890625 0.4328125 0.040625 0.05078125
1 0.81640625 0.4328125 0.05546875 0.075
1 0.31484375 0.4359375 0.03828125 0.053125
1 0.9109375 0.0171875 0.1296875 0.03359375
1 0.96953125 0.0359375 0.0546875 0.071875