0 0.35703125 0.1265625 0.06015625 0.07421875
0 0.50703125 0.05078125 0.0765625 0.0765625
0 0.3265625 0.3390625 0.0578125 0.08671875
0 0.68359375 0.625 0.06953125 0.0765625
0 0.6625 0.11328125 0.0984375 0.0765625
2 0.6578125 0.771875 0.25234375 0.3703125
2 0.31640625 0.49609375 0.18046875 0.396875
2 0.65 0.321875 0.1515625 0.509375
2 0.49609375 0.22734375 0.165625 0.4203125
2 0.35 0.2046875 0.12265625 0.22578125
0 0.015625 0.125 0.03125 0.0765625
0 0.02890625 0.3390625 0.0578125 0.08671875
0 0.95546875 0.625 0.06953125 0.0765625
0 0.96171875 0.1140625 0.071875 0.0796875
2 0.92578125 0.77265625 0.14453125 0.37265625
2 0.06640625 0.4953125 0.13203125 0.39921875
2 0.9546875 0.3234375 0.08671875 0.51171875
2 0.03515625 0.20546875 0.06953125 0.228125