0 0.40625 0.3328125 0.0625 0.08203125
0 0.225 0.30390625 0.0796875 0.07734375
0 0.271875 0.340625 0.0625 0.10390625
0 0.54921875 0.375 0.05078125 0.06484375
0 0.63671875 0.39140625 0.053125 0.05546875
0 0.66484375 0.4171875 0.0359375 0.03828125
0 0.6890625 0.39375 0.03125 0.0265625
0 0.86640625 0.40234375 0.0359375 0.03359375
0 0.98046875 0.2 0.03359375 0.0671875
0 0.77890625 0.41484375 0.02890625 0.03828125
0 0.7546875 0.41953125 0.02421875 0.03359375
0 0.4046875 0.021875 0.06484375 0.04375
0 0.22578125 0.03515625 0.08203125 0.06953125
0 0.27109375 0.02265625 0.0640625 0.0453125
0 0.98046875 0.1328125 0.03359375 0.0671875