0 0.66328125 0.46875 0.071875 0.08671875
0 0.0765625 0.4546875 0.071875 0.08203125
0 0.58984375 0.4234375 0.13203125 0.14453125
0 0.4390625 0.4375 0.0796875 0.10546875
0 0.32421875 0.4515625 0.115625 0.1203125
0 0.12265625 0.4546875 0.0578125 0.0671875
0 0.7921875 0.4703125 0.040625 0.0453125
0 0.82578125 0.45703125 0.0359375 0.0484375
0 0.71640625 0.4796875 0.0484375 0.05546875
0 0.07578125 0.01328125 0.07421875 0.0265625
0 0.59140625 0.04453125 0.134375 0.0890625
0 0.440625 0.02734375 0.08125 0.0546875
0 0.3234375 0.02421875 0.11796875 0.0484375
0 0.121875 0.009375 0.059375 0.01875