0 0.1984375 0.4109375 0.05546875 0.06484375
0 0.35703125 0.415625 0.05078125 0.05546875
0 0.59765625 0.40703125 0.0453125 0.0578125
0 0.4671875 0.42265625 0.040625 0.05078125
0 0.24609375 0.41796875 0.040625 0.05078125
0 0.56015625 0.41796875 0.03359375 0.05078125
0 0.6421875 0.42421875 0.04296875 0.0484375
0 0.4109375 0.4328125 0.02890625 0.040625
0 0.37890625 0.42265625 0.0265625 0.040625
1 0.296875 0.4328125 0.03125 0.040625
1 0.025 0.446875 0.0453125 0.1421875
0 0.196875 0.03125 0.0578125 0.0625
0 0.35546875 0.0265625 0.053125 0.053125
0 0.59765625 0.03125 0.0453125 0.0578125
0 0.46640625 0.021875 0.04296875 0.04375
0 0.2453125 0.02421875 0.04296875 0.0484375
0 0.5609375 0.02421875 0.0359375 0.0484375
0 0.64296875 0.0203125 0.0453125 0.040625
0 0.4125 0.01484375 0.03125 0.02890625
0 0.37734375 0.01953125 0.02890625 0.03828125
1 0.2953125 0.01484375 0.03359375 0.02890625
1 0.02421875 0.0328125 0.0484375 0.06484375