0 0.32109375 0.31171875 0.0796875 0.0984375
0 0.55859375 0.28671875 0.06953125 0.1015625
0 0.78515625 0.28828125 0.0984375 0.12265625
0 0.1921875 0.30390625 0.09140625 0.1109375
0 0.24375 0.35390625 0.0453125 0.07265625
0 0.50234375 0.33046875 0.0484375 0.053125
0 0.65625 0.36875 0.04296875 0.0578125
0 0.3640625 0.35078125 0.05546875 0.075
0 0.32265625 0.0359375 0.0828125 0.071875
0 0.56015625 0.04921875 0.071875 0.0984375
0 0.78671875 0.05390625 0.1015625 0.1078125
0 0.19140625 0.04375 0.09375 0.08671875
0 0.2453125 0.00859375 0.0484375 0.0171875
0 0.5015625 0.015625 0.05078125 0.03125
0 0.365625 0.0109375 0.0578125 0.021875