0 0.4640625 0.2765625 0.0578125 0.0765625
0 0.59375 0.275 0.0671875 0.09375
0 0.2828125 0.2796875 0.09375 0.11796875
0 0.4578125 0.3765625 0.0984375 0.11328125
0 0.509375 0.334375 0.08203125 0.10546875
0 0.56484375 0.303125 0.03828125 0.0765625
1 0.96875 0.22109375 0.0578125 0.10546875
1 0.0578125 0.32578125 0.04296875 0.040625
1 0.1046875 0.3234375 0.0265625 0.0265625
0 0.4640625 0.05546875 0.0578125 0.0765625
0 0.59375 0.05859375 0.0671875 0.09375
0 0.28046875 0.05625 0.0953125 0.1125
0 0.5109375 0.0265625 0.084375 0.053125
0 0.56640625 0.03515625 0.040625 0.06953125
1 0.96875 0.1109375 0.0578125 0.10546875
1 0.05859375 0.0140625 0.0453125 0.028125
1 0.10234375 0.01171875 0.0296875 0.0234375