0 0.85234375 0.3390625 0.0890625 0.1109375
0 0.115625 0.3734375 0.071875 0.09375
0 0.62265625 0.384375 0.0484375 0.0671875
0 0.90390625 0.353125 0.03359375 0.0625
1 0.41328125 0.33671875 0.0625 0.0765625
1 0.709375 0.3734375 0.0625 0.07421875
1 0.55546875 0.36640625 0.0578125 0.07421875
1 0.26953125 0.38125 0.053125 0.06015625
1 0.18046875 0.3734375 0.053125 0.06484375
1 0.4953125 0.35703125 0.0578125 0.06953125
0 0.85390625 0.0296875 0.0921875 0.059375
0 0.90234375 0.0109375 0.0359375 0.021875
1 0.4125 0.02265625 0.06484375 0.0453125
1 0.55390625 0.00703125 0.06015625 0.0140625
1 0.49375 0.0109375 0.06015625 0.021875