0 0.21171875 0.40234375 0.08671875 0.09375
0 0.7921875 0.3953125 0.103125 0.12265625
1 0.48828125 0.4078125 0.08203125 0.09375
1 0.3796875 0.43515625 0.0625 0.08203125
1 0.59609375 0.4359375 0.04296875 0.05546875
1 0.6703125 0.4203125 0.03359375 0.03359375
1 0.64296875 0.4125 0.0265625 0.040625
1 0.725 0.40625 0.0359375 0.03828125
1 0.86328125 0.39765625 0.03359375 0.040625
1 0.55625 0.40859375 0.03125 0.03828125
0 0.2125 0.01796875 0.0890625 0.0359375
0 0.790625 0.02890625 0.10546875 0.0578125
1 0.4890625 0.015625 0.084375 0.03125
1 0.8640625 0.00703125 0.0359375 0.0140625