0 0.73828125 0.32578125 0.178125 0.146875
0 0.209375 0.35703125 0.23046875 0.19453125
0 0.484375 0.41796875 0.0796875 0.0625
0 0.43984375 0.39921875 0.0578125 0.053125
2 0.80625 0.4828125 0.38203125 0.46171875
2 0.2140625 0.49765625 0.40859375 0.490625
2 0.41328125 0.53125 0.22578125 0.27890625
0 0.73828125 0.1765625 0.178125 0.146875
0 0.209375 0.1453125 0.23046875 0.19453125
0 0.484375 0.08203125 0.0796875 0.0625
0 0.43984375 0.10078125 0.0578125 0.053125
2 0.8078125 0.125 0.384375 0.25
2 0.8078125 0.8921875 0.384375 0.21171875
2 0.2125 0.125 0.4109375 0.25
2 0.2125 0.87734375 0.4109375 0.240625
2 0.4125 0.05546875 0.228125 0.1109375
2 0.4125 0.91328125 0.228125 0.16796875