0 0.2015625 0.5984375 0.0484375 0.05078125
0 0.24140625 0.60390625 0.040625 0.05078125
0 0.33984375 0.6203125 0.0453125 0.04609375
0 0.31015625 0.6 0.02421875 0.03359375
0 0.4578125 0.68828125 0.040625 0.0359375
0 0.53984375 0.590625 0.0453125 0.03359375
0 0.646875 0.60234375 0.02890625 0.03828125
0 0.66796875 0.65546875 0.03828125 0.03359375
0 0.6890625 0.60703125 0.021875 0.02890625
0 0.7453125 0.62890625 0.03359375 0.03359375
0 0.7015625 0.68828125 0.02890625 0.0265625
0 0.4578125 0.97734375 0.040625 0.0359375
0 0.6671875 0.99375 0.040625 0.00703125
0 0.7015625 0.97734375 0.02890625 0.0265625