0 0.9375 0.27578125 0.071875 0.10390625
0 0.69140625 0.33125 0.07421875 0.0984375
0 0.78828125 0.30859375 0.071875 0.1015625
0 0.55625 0.3640625 0.0890625 0.115625
0 0.3578125 0.33515625 0.0578125 0.08203125
1 0.4046875 0.3046875 0.07421875 0.084375
2 0.9234375 0.5078125 0.153125 0.553125
2 0.79296875 0.5171875 0.1296875 0.51328125
2 0.67578125 0.53359375 0.1296875 0.4984375
2 0.540625 0.515625 0.14921875 0.41953125
2 0.4015625 0.43125 0.1390625 0.32265625
2 0.334375 0.40703125 0.09609375 0.2171875
0 0.9375 0.05390625 0.071875 0.10390625
0 0.6921875 0.02421875 0.0765625 0.0484375
0 0.78828125 0.0359375 0.0734375 0.071875
0 0.55859375 0.01171875 0.0921875 0.0234375
0 0.35703125 0.01796875 0.06015625 0.0359375
1 0.40625 0.03359375 0.0765625 0.0671875
2 0.67421875 0.94453125 0.13203125 0.10625