0 0.59609375 0.3828125 0.0578125 0.08203125
0 0.03125 0.3953125 0.053125 0.08203125
0 0.20546875 0.384375 0.05078125 0.075
0 0.6625 0.3890625 0.05546875 0.06953125
0 0.25859375 0.40234375 0.0453125 0.07265625
0 0.8453125 0.65546875 0.07421875 0.07265625
1 0.83046875 0.38203125 0.06953125 0.0796875
1 0.3390625 0.3984375 0.0484375 0.06953125
0 0.50859375 0.40859375 0.05546875 0.075
0 0.3859375 0.3984375 0.040625 0.06953125
1 0.46640625 0.40234375 0.04296875 0.0578125
0 0.84609375 0.98828125 0.0765625 0.01953125