0 0.65390625 0.30234375 0.1921875 0.209375
0 0.47578125 0.4421875 0.08671875 0.0890625
0 0.5953125 0.42421875 0.0984375 0.1203125
0 0.42890625 0.509375 0.05078125 0.05078125
0 0.65859375 0.43984375 0.04296875 0.0359375
2 0.78125 0.525 0.39921875 0.60234375
2 0.6265625 0.59765625 0.19921875 0.4578125
2 0.44453125 0.56171875 0.1296875 0.14921875
2 0.521875 0.5796875 0.1734375 0.3640625
0 0.65234375 0.0734375 0.19453125 0.146875
2 0.7796875 0.06015625 0.4015625 0.1203125
2 0.7796875 0.915625 0.4015625 0.1640625
2 0.62734375 0.915625 0.2015625 0.1640625
2 0.5203125 0.9484375 0.17578125 0.0984375