0 0.31015625 0.54453125 0.071875 0.07265625
0 0.9015625 0.453125 0.0625 0.07734375
0 0.2171875 0.384375 0.05078125 0.040625
0 0.7359375 0.35390625 0.04296875 0.0484375
0 0.67890625 0.3171875 0.03125 0.040625
0 0.084375 0.3 0.02890625 0.0359375
0 0.65390625 0.33828125 0.02890625 0.0359375
0 0.5734375 0.30625 0.0265625 0.03359375
0 0.52890625 0.30234375 0.03359375 0.040625
0 0.73671875 0.0046875 0.0453125 0.009375
0 0.67890625 0.02265625 0.03125 0.040625
0 0.084375 0.03984375 0.02890625 0.0359375
0 0.6546875 0.009375 0.03125 0.01875
0 0.5734375 0.03125 0.0265625 0.03359375
0 0.52890625 0.0375 0.03359375 0.040625