0 0.89296875 0.4671875 0.06953125 0.08203125
0 0.83046875 0.4203125 0.05078125 0.06953125
0 0.76953125 0.45390625 0.0578125 0.0796875
0 0.5921875 0.459375 0.06484375 0.0890625
0 0.78984375 0.37734375 0.05546875 0.06015625
0 0.75390625 0.33984375 0.05546875 0.0578125
0 0.6921875 0.33828125 0.0484375 0.06015625
0 0.53125 0.30625 0.0484375 0.0578125
0 0.50234375 0.36875 0.0484375 0.07734375
0 0.48046875 0.4421875 0.0578125 0.0796875
0 0.428125 0.478125 0.0671875 0.0890625
0 0.43046875 0.3265625 0.053125 0.06953125
0 0.259375 0.45546875 0.0578125 0.07265625
0 0.303125 0.40234375 0.053125 0.0625
0 0.1078125 0.48046875 0.08203125 0.0984375
2 0.91328125 0.63125 0.14453125 0.3953125
2 0.765625 0.62265625 0.1421875 0.4171875
2 0.5921875 0.62265625 0.18984375 0.4171875
2 0.421875 0.6265625 0.15625 0.4
2 0.3015625 0.63515625 0.13671875 0.39296875
2 0.22734375 0.62265625 0.12265625 0.40703125
2 0.0984375 0.62890625 0.1875 0.4046875
2 0.83515625 0.4578125 0.0984375 0.14453125
2 0.696875 0.48046875 0.10546875 0.1375
2 0.47578125 0.48046875 0.1296875 0.1515625
2 0.290625 0.45625 0.16328125 0.16171875
2 0.64921875 0.3953125 0.09140625 0.115625
2 0.50625 0.409375 0.12265625 0.14453125
2 0.41953125 0.37265625 0.11796875 0.17109375
2 0.5328125 0.34453125 0.1078125 0.13515625
2 0.69140625 0.35546875 0.06953125 0.0984375
2 0.75859375 0.36171875 0.06953125 0.09609375
2 0.7984375 0.39375 0.0625 0.0984375
0 0.75546875 0.01171875 0.0578125 0.0234375
0 0.69140625 0.01328125 0.05078125 0.0265625
0 0.5296875 0.02890625 0.05078125 0.0578125
0 0.42890625 0.021875 0.05546875 0.04375
2 0.9125 0.91796875 0.146875 0.159375
2 0.7671875 0.9171875 0.14453125 0.16171875
2 0.59375 0.9171875 0.1921875 0.16171875
2 0.4234375 0.91953125 0.15859375 0.15625
2 0.303125 0.9171875 0.1390625 0.16171875
2 0.228125 0.91953125 0.125 0.15625
2 0.09765625 0.9171875 0.18984375 0.16171875
2 0.4203125 0.02421875 0.1203125 0.0484375
2 0.53359375 0.02890625 0.1109375 0.0578125
2 0.6921875 0.01484375 0.071875 0.02890625
2 0.759375 0.0109375 0.071875 0.021875