0 0.1453125 0.33046875 0.06953125 0.06953125
0 0.046875 0.203125 0.06953125 0.06953125
0 0.91796875 0.2765625 0.0765625 0.08203125
0 0.52265625 0.31640625 0.06953125 0.06015625
0 0.52734375 0.23046875 0.06484375 0.071875
0 0.35 0.34375 0.06953125 0.0671875
0 0.28125 0.3125 0.08203125 0.0765625
0 0.3125 0.259375 0.071875 0.071875
0 0.4015625 0.2515625 0.09140625 0.0796875
0 0.14453125 0.01953125 0.071875 0.03828125
0 0.046875 0.13125 0.06953125 0.06953125
0 0.91796875 0.05546875 0.0765625 0.08203125
0 0.521875 0.02421875 0.071875 0.0484375
0 0.52734375 0.10078125 0.06484375 0.071875
0 0.3484375 0.01171875 0.071875 0.0234375
0 0.2828125 0.0296875 0.084375 0.059375
0 0.3125 0.071875 0.071875 0.071875
0 0.4015625 0.0828125 0.09140625 0.0796875