0 0.89453125 0.43046875 0.0578125 0.071875
0 0.40390625 0.55859375 0.0578125 0.06953125
0 0.27265625 0.61171875 0.06015625 0.06953125
0 0.69921875 0.5828125 0.0484375 0.06484375
0 0.0421875 0.42890625 0.0359375 0.0453125
0 0.2671875 0.428125 0.03359375 0.03359375
0 0.3171875 0.4078125 0.03359375 0.040625
0 0.63125 0.5640625 0.05546875 0.06484375
0 0.81484375 0.5609375 0.053125 0.05546875
0 0.94375 0.428125 0.05546875 0.0578125
0 0.603125 0.48828125 0.02890625 0.03359375
0 0.4859375 0.4234375 0.02890625 0.03359375
0 0.72578125 0.48671875 0.02890625 0.0359375