0 0.915625 0.4203125 0.04296875 0.0671875
1 0.5265625 0.42890625 0.0578125 0.07421875
1 0.10703125 0.47265625 0.06953125 0.06484375
1 0.25625 0.45078125 0.05546875 0.06953125
1 0.4 0.43515625 0.06015625 0.071875
1 0.603125 0.44921875 0.0484375 0.0625
1 0.678125 0.42421875 0.0484375 0.06484375
1 0.65234375 0.4734375 0.05078125 0.0578125
1 0.446875 0.44921875 0.03359375 0.053125
1 0.3265625 0.4578125 0.03828125 0.040625
1 0.16328125 0.46484375 0.03828125 0.0453125
0 0.98046875 0.4390625 0.03359375 0.06953125
0 0.94609375 0.44453125 0.03125 0.053125
1 0.73046875 0.44609375 0.02421875 0.040625