0 0.19140625 0.2796875 0.12265625 0.13046875
0 0.396875 0.253125 0.10546875 0.07734375
0 0.521875 0.35625 0.0765625 0.1015625
0 0.60546875 0.3625 0.08203125 0.11796875
0 0.68359375 0.3375 0.1078125 0.14921875
1 0.39921875 0.34609375 0.16328125 0.17578125
1 0.7171875 0.5484375 0.25703125 0.29140625
1 0.77734375 0.3484375 0.13203125 0.16640625
0 0.18984375 0.06015625 0.125 0.1203125
0 0.396875 0.0796875 0.10546875 0.07734375
0 0.52265625 0.01484375 0.0796875 0.02890625
0 0.60703125 0.015625 0.084375 0.03125
0 0.68203125 0.0359375 0.1109375 0.071875
1 0.4 0.03828125 0.165625 0.0765625
1 0.7765625 0.03515625 0.134375 0.06953125