1 0.1578125 0.48828125 0.06015625 0.06953125
1 0.41953125 0.44609375 0.05078125 0.07734375
1 0.4828125 0.45078125 0.0484375 0.0625
1 0.859375 0.484375 0.05078125 0.0625
1 0.3109375 0.44609375 0.05078125 0.0671875
1 0.21015625 0.45078125 0.05078125 0.0671875
1 0.27890625 0.5203125 0.053125 0.07734375
1 0.6140625 0.5171875 0.05078125 0.06953125
1 0.7640625 0.48671875 0.0484375 0.0625
1 0.259375 0.4515625 0.04296875 0.06015625
1 0.71484375 0.509375 0.05078125 0.05546875
1 0.16015625 0.43828125 0.05078125 0.0625
1 0.821875 0.5 0.0484375 0.06484375
1 0.69140625 0.48046875 0.0359375 0.05078125
1 0.6453125 0.48203125 0.0359375 0.053125
1 0.6609375 0.440625 0.03828125 0.053125
1 0.57109375 0.45390625 0.0453125 0.06484375
1 0.5296875 0.46171875 0.0359375 0.05078125
1 0.55078125 0.51484375 0.0484375 0.06484375
1 0.47578125 0.52421875 0.053125 0.06953125
1 0.36640625 0.44609375 0.0453125 0.053125
1 0.3703125 0.5015625 0.0484375 0.07265625