0 0.81484375 0.46171875 0.0484375 0.0671875
0 0.578125 0.44140625 0.0453125 0.06953125
1 0.9328125 0.4703125 0.09609375 0.12265625
1 0.28515625 0.4671875 0.05078125 0.06953125
1 0.48203125 0.46640625 0.05546875 0.0671875
1 0.3453125 0.46875 0.03125 0.03828125
1 0.07578125 0.48671875 0.05546875 0.05546875
0 0.178125 0.47734375 0.03828125 0.040625
0 0.64296875 0.4625 0.0265625 0.0453125
0 0.6671875 0.46484375 0.0265625 0.040625
0 0.61875 0.4625 0.021875 0.040625
1 0.5328125 0.46484375 0.021875 0.0453125
1 0.4390625 0.4578125 0.03125 0.0359375
1 0.38671875 0.478125 0.02890625 0.03359375