0 0.790625 0.28671875 0.0578125 0.0578125
0 0.11875 0.4828125 0.040625 0.05546875
0 0.45703125 0.5484375 0.0484375 0.05078125
0 0.47109375 0.521875 0.0484375 0.04609375
0 0.84375 0.3203125 0.02890625 0.03828125
0 0.7390625 0.43125 0.0453125 0.03828125
0 0.553125 0.340625 0.0140625 0.0171875
0 0.490625 0.34453125 0.01953125 0.01953125
0 0.51328125 0.3375 0.0171875 0.01953125
0 0.53125 0.34375 0.0140625 0.0171875
2 0.12265625 0.578125 0.08671875 0.2359375
2 0.44609375 0.67578125 0.19453125 0.2625
2 0.7984375 0.42734375 0.0671875 0.33046875
2 0.79453125 0.484375 0.146875 0.15390625
2 0.8546875 0.39375 0.0453125 0.17109375
2 0.4953125 0.56640625 0.08203125 0.13046875
2 0.49375 0.38046875 0.021875 0.08671875
2 0.55859375 0.378125 0.0265625 0.09609375
2 0.5328125 0.378125 0.021875 0.09140625
2 0.51328125 0.37734375 0.021875 0.0984375
0 0.790625 0.04609375 0.0578125 0.0578125
0 0.8453125 0.0171875 0.03125 0.03359375
0 0.51171875 0.00390625 0.01953125 0.00703125
2 0.44453125 0.92890625 0.196875 0.1375
2 0.7984375 0.0359375 0.06875 0.071875