0 0.09609375 0.315625 0.0625 0.07734375
0 0.6359375 0.325 0.05546875 0.07734375
0 0.90859375 0.33359375 0.053125 0.06953125
0 0.4828125 0.3203125 0.0484375 0.07265625
0 0.31875 0.325 0.0453125 0.07265625
0 0.7859375 0.3515625 0.0578125 0.0671875
0 0.5453125 0.34609375 0.03359375 0.06015625
1 0.23046875 0.33984375 0.03828125 0.0578125
0 0.28359375 0.346875 0.03359375 0.0484375
0 0.428125 0.3375 0.03359375 0.053125
0 0.39921875 0.3484375 0.02890625 0.04609375
0 0.36640625 0.34609375 0.0359375 0.05546875
0 0.74609375 0.3375 0.0265625 0.0578125
0 0.68984375 0.340625 0.02890625 0.040625
0 0.0953125 0.02890625 0.06484375 0.0578125
0 0.63671875 0.02421875 0.0578125 0.0484375
0 0.9078125 0.01796875 0.05546875 0.0359375
0 0.4828125 0.025 0.05 0.05
0 0.31953125 0.02265625 0.0484375 0.0453125
0 0.78515625 0.00859375 0.06015625 0.0171875
0 0.54453125 0.009375 0.0359375 0.01875
1 0.2296875 0.01171875 0.040625 0.0234375
0 0.2828125 0.00625 0.0359375 0.01171875
0 0.42734375 0.01171875 0.0359375 0.0234375
0 0.39765625 0.0046875 0.03125 0.009375
0 0.36796875 0.00859375 0.03828125 0.0171875
0 0.74765625 0.01328125 0.02890625 0.0265625
0 0.6890625 0.00703125 0.03125 0.0140625