1 0.14296875 0.38515625 0.2046875 0.240625
1 0.859375 0.38203125 0.06015625 0.075
1 0.69140625 0.38515625 0.0453125 0.07265625
1 0.021875 0.3796875 0.03359375 0.06015625
1 0.29296875 0.40234375 0.04296875 0.0625
1 0.3390625 0.390625 0.03359375 0.04375
1 0.3703125 0.4 0.02890625 0.03828125
1 0.396875 0.3828125 0.02890625 0.04375
1 0.4421875 0.39296875 0.03828125 0.053125
1 0.50859375 0.38828125 0.0265625 0.03359375
1 0.55859375 0.3890625 0.0359375 0.04609375
1 0.609375 0.4015625 0.0265625 0.03125
1 0.64921875 0.4 0.03828125 0.0484375
1 0.7328125 0.4109375 0.03359375 0.040625
1 0.771875 0.40703125 0.02890625 0.03359375
1 0.91953125 0.39296875 0.0359375 0.0484375
1 0.1421875 0.03515625 0.20703125 0.06953125