0 0.85546875 0.3390625 0.0671875 0.09140625
0 0.18359375 0.3234375 0.06953125 0.0890625
0 0.646875 0.36171875 0.0484375 0.06484375
0 0.91484375 0.375 0.0453125 0.0671875
0 0.3453125 0.3328125 0.05078125 0.0796875
0 0.4484375 0.33671875 0.05078125 0.0765625
0 0.5296875 0.35546875 0.0453125 0.053125
0 0.5828125 0.3734375 0.03125 0.0453125
0 0.70703125 0.384375 0.03359375 0.0484375
0 0.27421875 0.3609375 0.03359375 0.03359375
0 0.1828125 0.015625 0.071875 0.03125
0 0.34375 0.00859375 0.053125 0.0171875