0 0.75625 0.50390625 0.06953125 0.09140625
0 0.9578125 0.453125 0.06953125 0.09140625
0 0.52890625 0.48828125 0.053125 0.06953125
0 0.69375 0.5 0.06015625 0.084375
0 0.35078125 0.4984375 0.04296875 0.0671875
0 0.609375 0.48515625 0.05546875 0.075
0 0.11328125 0.49296875 0.0484375 0.05546875
0 0.415625 0.49375 0.04296875 0.0578125
0 0.3015625 0.50234375 0.05078125 0.06015625
0 0.4109375 0.4640625 0.03828125 0.05546875
0 0.49609375 0.49296875 0.0453125 0.06953125
1 0.23671875 0.50703125 0.06015625 0.06015625