0 0.37109375 0.33984375 0.03125 0.0359375
0 0.43046875 0.2234375 0.03359375 0.03828125
0 0.634375 0.70703125 0.03828125 0.053125
0 0.72734375 0.80390625 0.0453125 0.05078125
0 0.765625 0.6578125 0.0453125 0.0453125
1 0.31640625 0.25 0.03125 0.04296875
1 0.546875 0.7234375 0.040625 0.04296875
1 0.72734375 0.74609375 0.040625 0.0453125
1 0.48046875 0.228125 0.02421875 0.03359375
1 0.59609375 0.20703125 0.03359375 0.03359375
0 0.43046875 0.0265625 0.03359375 0.03828125
0 0.72734375 0.9484375 0.0453125 0.05078125
1 0.3140625 0.01171875 0.034375 0.0234375
1 0.72578125 0.9890625 0.04296875 0.0171875
1 0.48046875 0.021875 0.02421875 0.03359375
1 0.59609375 0.04296875 0.03359375 0.03359375