0 0.7328125 0.3296875 0.08671875 0.09609375
0 0.81875 0.37890625 0.09375 0.1078125
0 0.39453125 0.3859375 0.0671875 0.0796875
0 0.19453125 0.43359375 0.071875 0.06953125
0 0.0328125 0.3015625 0.05546875 0.06953125
0 0.21875 0.32578125 0.053125 0.09375
0 0.40390625 0.24765625 0.0484375 0.0625
0 0.18984375 0.1984375 0.0484375 0.05078125
0 0.3390625 0.21015625 0.0484375 0.05546875
0 0.65 0.49609375 0.084375 0.07421875
0 0.734375 0.0265625 0.0890625 0.053125
0 0.03125 0.03359375 0.0578125 0.0671875
0 0.21953125 0.02734375 0.0546875 0.0546875
0 0.40390625 0.084375 0.0484375 0.0625
0 0.18984375 0.1359375 0.0484375 0.05078125
0 0.3390625 0.1234375 0.0484375 0.05546875