0 0.9578125 0.40859375 0.0453125 0.075
0 0.81875 0.46875 0.06015625 0.075
0 0.140625 0.46015625 0.06015625 0.053125
0 0.82109375 0.209375 0.040625 0.053125
0 0.78515625 0.36484375 0.0453125 0.06015625
0 0.1671875 0.31796875 0.0453125 0.053125
0 0.0359375 0.30234375 0.0625 0.05546875
0 0.771875 0.2046875 0.03828125 0.0484375
0 0.6078125 0.24609375 0.0484375 0.053125
1 0.35234375 0.38046875 0.0453125 0.053125
1 0.1625 0.6109375 0.06015625 0.04609375
1 0.29296875 0.2484375 0.0484375 0.0484375
0 0.82109375 0.12265625 0.040625 0.053125
0 0.16796875 0.021875 0.0484375 0.04375
0 0.0359375 0.0328125 0.0625 0.05546875
0 0.771875 0.12734375 0.03828125 0.0484375
0 0.6078125 0.08671875 0.0484375 0.053125
1 0.29296875 0.084375 0.0484375 0.0484375