0 0.5515625 0.41953125 0.05546875 0.06484375
0 0.74609375 0.41484375 0.06484375 0.07421875
0 0.978125 0.4328125 0.03828125 0.071875
1 0.2203125 0.41015625 0.06015625 0.06953125
1 0.04453125 0.41953125 0.06015625 0.06953125
1 0.63359375 0.415625 0.05546875 0.0625
1 0.31953125 0.45703125 0.0578125 0.0625
1 0.69921875 0.4203125 0.04296875 0.0625
1 0.4859375 0.421875 0.053125 0.06015625
0 0.39296875 0.44921875 0.05546875 0.071875
0 0.55078125 0.0265625 0.0578125 0.053125
0 0.7453125 0.03125 0.0671875 0.0625
0 0.9796875 0.021875 0.040625 0.04296875
1 0.21875 0.0328125 0.0625 0.06484375
1 0.0421875 0.02734375 0.0625 0.0546875
1 0.63203125 0.02734375 0.0578125 0.0546875
1 0.32109375 0.00703125 0.06015625 0.0140625
1 0.70078125 0.025 0.0453125 0.05
1 0.48671875 0.02421875 0.05546875 0.0484375
0 0.3921875 0.01328125 0.0578125 0.0265625