1 0.9171875 0.3796875 0.06484375 0.06484375
1 0.88828125 0.409375 0.0359375 0.04375
1 0.85546875 0.409375 0.02890625 0.03828125
1 0.76953125 0.38046875 0.04296875 0.0484375
0 0.7359375 0.39296875 0.03359375 0.0484375
1 0.671875 0.3984375 0.03125 0.05078125
1 0.646875 0.39609375 0.03359375 0.0359375
1 0.5625 0.3890625 0.02890625 0.0359375
1 0.53359375 0.4 0.02890625 0.03359375
1 0.4703125 0.3984375 0.0359375 0.0359375
1 0.4390625 0.41328125 0.0265625 0.0359375
1 0.40234375 0.415625 0.0265625 0.0359375
1 0.303125 0.4109375 0.02421875 0.0359375
1 0.1515625 0.3828125 0.02890625 0.03828125
1 0.1765625 0.38515625 0.021875 0.02890625
1 0.9171875 0.07578125 0.06484375 0.06484375
1 0.88828125 0.04375 0.0359375 0.04375
1 0.85546875 0.04375 0.02890625 0.03828125
1 0.76953125 0.07265625 0.04296875 0.0484375
0 0.7359375 0.06015625 0.03359375 0.0484375
1 0.671875 0.05625 0.03125 0.05078125
1 0.646875 0.059375 0.03359375 0.0359375
1 0.5625 0.06640625 0.02890625 0.0359375
1 0.53359375 0.053125 0.02890625 0.03359375
1 0.4703125 0.05625 0.0359375 0.0359375
1 0.4390625 0.0421875 0.0265625 0.0359375
1 0.40234375 0.03984375 0.0265625 0.0359375
1 0.303125 0.04453125 0.02421875 0.0359375
1 0.1515625 0.06953125 0.02890625 0.03828125
1 0.1765625 0.0671875 0.021875 0.02890625