0 0.4640625 0.46484375 0.02890625 0.03828125
0 0.14296875 0.44453125 0.05546875 0.06953125
0 0.08671875 0.4640625 0.02890625 0.03125
0 0.18515625 0.4625 0.02890625 0.0484375
0 0.2796875 0.43046875 0.05078125 0.075
0 0.35546875 0.4796875 0.03828125 0.0578125
0 0.3859375 0.46015625 0.0265625 0.03359375
0 0.51953125 0.46875 0.02890625 0.040625
0 0.55546875 0.44609375 0.0484375 0.0671875
0 0.65234375 0.46953125 0.0359375 0.053125
0 0.7515625 0.43828125 0.05078125 0.0625
0 0.865625 0.46171875 0.053125 0.06953125