0 0.49765625 0.2171875 0.0765625 0.0890625
0 0.76953125 0.4625 0.0765625 0.07421875
0 0.3390625 0.25234375 0.0625 0.08203125
0 0.0453125 0.3578125 0.0484375 0.0578125
0 0.21875 0.36875 0.0578125 0.06015625
0 0.94921875 0.38125 0.03359375 0.040625
0 0.96640625 0.28125 0.02890625 0.03828125
0 0.9046875 0.34140625 0.03125 0.03828125
1 0.115625 0.35078125 0.0578125 0.0625
1 0.70703125 0.33671875 0.03359375 0.03359375
1 0.78125 0.3796875 0.03828125 0.03359375
1 0.6421875 0.3453125 0.02890625 0.0359375
0 0.4984375 0.03984375 0.0796875 0.0796875
0 0.33984375 0.0203125 0.06484375 0.040625