1 0.146875 0.3984375 0.071875 0.06484375
1 0.41796875 0.37265625 0.0625 0.06953125
1 0.33671875 0.4375 0.115625 0.10390625
1 0.27421875 0.37265625 0.0671875 0.06015625
1 0.68359375 0.37265625 0.06015625 0.06484375
1 0.0625 0.4734375 0.115625 0.12265625
1 0.8109375 0.3953125 0.06015625 0.0671875
1 0.55625 0.36953125 0.06484375 0.06953125
1 0.6359375 0.46171875 0.12734375 0.10859375
1 0.040625 0.4046875 0.0765625 0.08203125
1 0.96484375 0.38515625 0.05546875 0.07734375
1 0.85078125 0.35625 0.04296875 0.0578125
1 0.9671875 0.4484375 0.06015625 0.115625