1 0.79921875 0.32109375 0.06953125 0.0796875
1 0.265625 0.30859375 0.06484375 0.084375
1 0.50390625 0.50859375 0.06015625 0.0796875
1 0.32109375 0.321875 0.05078125 0.0671875
1 0.03125 0.26953125 0.0578125 0.1296875
1 0.6578125 0.3234375 0.06015625 0.06484375
1 0.1203125 0.3109375 0.0625 0.06953125
1 0.9578125 0.37265625 0.040625 0.053125
1 0.3859375 0.35078125 0.0453125 0.0671875
1 0.5984375 0.3390625 0.03828125 0.053125
1 0.80078125 0.0265625 0.071875 0.053125
1 0.2671875 0.03359375 0.0671875 0.0671875
1 0.321875 0.02265625 0.053125 0.0453125
1 0.03046875 0.06484375 0.0609375 0.1296875
1 0.65859375 0.021875 0.0625 0.04296875
1 0.11875 0.02890625 0.06484375 0.0578125
1 0.38671875 0.00859375 0.0484375 0.0171875
1 0.59765625 0.0109375 0.040625 0.021875