0 0.15390625 0.35625 0.071875 0.08203125
0 0.06953125 0.34375 0.0625 0.0796875
0 0.2875 0.34375 0.05078125 0.06953125
0 0.58671875 0.34609375 0.0484375 0.06484375
0 0.43984375 0.353125 0.0578125 0.06953125
0 0.3375 0.3421875 0.040625 0.0625
0 0.70078125 0.36484375 0.0453125 0.06015625
0 0.50625 0.346875 0.040625 0.0578125
0 0.9 0.346875 0.0453125 0.0625
0 0.8109375 0.43125 0.06015625 0.0484375
0 0.80546875 0.35546875 0.03359375 0.04609375
0 0.240625 0.3640625 0.0484375 0.08203125
0 0.4671875 0.36484375 0.040625 0.06484375