1 0.08203125 0.509375 0.08203125 0.0890625
1 0.1734375 0.5203125 0.08203125 0.08203125
1 0.34375 0.5640625 0.10078125 0.1109375
1 0.72578125 0.56953125 0.115625 0.11796875
1 0.87109375 0.49296875 0.05546875 0.06015625
1 0.92421875 0.46953125 0.05546875 0.0671875
1 0.1984375 0.4484375 0.05546875 0.053125
1 0.82109375 0.5015625 0.06484375 0.07734375
1 0.03359375 0.48515625 0.0578125 0.06953125
1 0.31640625 0.446875 0.0453125 0.06015625
1 0.4078125 0.4421875 0.0453125 0.05078125
1 0.48203125 0.43515625 0.03125 0.040625
1 0.5 0.4171875 0.02421875 0.03359375
1 0.54453125 0.4328125 0.03125 0.04609375
1 0.68046875 0.4265625 0.03359375 0.03828125
1 0.82109375 0.44609375 0.0359375 0.03359375
1 0.76328125 0.43515625 0.0453125 0.04609375