0 0.94140625 0.29921875 0.1171875 0.1703125
0 0.41953125 0.321875 0.09375 0.1109375
0 0.6921875 0.3328125 0.10078125 0.12265625
0 0.2296875 0.2953125 0.103125 0.134375
0 0.5734375 0.32578125 0.084375 0.11796875
0 0.81953125 0.35 0.115625 0.13671875
0 0.11796875 0.3578125 0.0765625 0.1203125
0 0.94140625 0.06015625 0.1171875 0.1203125
0 0.4203125 0.03359375 0.09609375 0.0671875
0 0.69140625 0.03125 0.103125 0.0625
0 0.23046875 0.053125 0.10546875 0.10546875
0 0.57421875 0.03359375 0.08671875 0.0671875
0 0.81875 0.0265625 0.11796875 0.053125
0 0.11640625 0.01796875 0.0796875 0.0359375