0 0.2515625 0.26796875 0.17578125 0.18515625
0 0.65859375 0.22734375 0.0625 0.103125
0 0.41328125 0.21875 0.0578125 0.071875
0 0.4796875 0.2203125 0.0359375 0.06015625
0 0.76171875 0.24375 0.08203125 0.12734375
1 0.3578125 0.28828125 0.0765625 0.125
1 0.43515625 0.3125 0.0671875 0.09609375
1 0.5296875 0.22109375 0.03125 0.04296875
1 0.59140625 0.23046875 0.0484375 0.0578125
1 0.85234375 0.265625 0.209375 0.19453125
0 0.25 0.0796875 0.178125 0.15859375
0 0.65859375 0.10703125 0.0625 0.103125
0 0.41328125 0.11328125 0.0578125 0.071875
0 0.4796875 0.1140625 0.0359375 0.06015625
0 0.76171875 0.08984375 0.08203125 0.12734375
1 0.359375 0.05390625 0.0796875 0.1078125
1 0.4359375 0.03515625 0.06953125 0.06953125
1 0.5296875 0.1109375 0.03125 0.04296875
1 0.59140625 0.10078125 0.0484375 0.0578125
1 0.85078125 0.0828125 0.21171875 0.165625