0 0.80859375 0.5109375 0.0265625 0.03359375
0 0.7734375 0.525 0.02421875 0.02890625
0 0.7015625 0.515625 0.02421875 0.02890625
0 0.60234375 0.51796875 0.02421875 0.02421875
0 0.58203125 0.5203125 0.0171875 0.02421875
0 0.4671875 0.515625 0.02421875 0.02890625
0 0.4046875 0.5328125 0.03828125 0.053125
0 0.38828125 0.52265625 0.02890625 0.0484375
0 0.36875 0.5109375 0.01953125 0.02890625
0 0.34453125 0.51796875 0.01953125 0.02421875
0 0.86875 0.5109375 0.0265625 0.03359375
0 0.9015625 0.525 0.02421875 0.02890625
0 0.9734375 0.515625 0.02421875 0.02890625