0 0.1421875 0.5640625 0.16328125 0.19296875
0 0.24375 0.484375 0.0984375 0.13046875
0 0.415625 0.50625 0.0578125 0.08203125
0 0.39765625 0.4578125 0.040625 0.04375
0 0.453125 0.45390625 0.05078125 0.06484375
0 0.56015625 0.46015625 0.0578125 0.08203125
0 0.64453125 0.6734375 0.2640625 0.21484375
0 0.74140625 0.525 0.0984375 0.10625
0 0.81953125 0.48046875 0.09140625 0.10390625
0 0.96640625 0.55390625 0.0578125 0.1828125
0 0.7140625 0.42890625 0.0578125 0.08203125
0 0.6109375 0.4828125 0.10078125 0.0796875
0 0.6109375 0.578125 0.16796875 0.13984375
0 0.6703125 0.490625 0.0578125 0.0796875
0 0.6421875 0.4328125 0.0671875 0.05078125
0 0.14296875 0.95078125 0.165625 0.09375
0 0.4515625 0.009375 0.053125 0.01875
0 0.5609375 0.0109375 0.06015625 0.021875
0 0.64453125 0.8921875 0.2640625 0.215625
0 0.9671875 0.9578125 0.06015625 0.0796875
0 0.71484375 0.0265625 0.06015625 0.053125
0 0.61171875 0.95625 0.1703125 0.08203125
0 0.64296875 0.0171875 0.06953125 0.03359375