0 0.56484375 0.44921875 0.08203125 0.11328125
0 0.40859375 0.35546875 0.0484375 0.06015625
0 0.30546875 0.42734375 0.03359375 0.040625
0 0.275 0.40703125 0.0265625 0.03359375
0 0.171875 0.32265625 0.0265625 0.03359375
0 0.04453125 0.34453125 0.021875 0.03359375
0 0.259375 0.32421875 0.01953125 0.03125
0 0.375 0.32734375 0.03828125 0.0484375
0 0.69609375 0.3203125 0.0171875 0.02890625
0 0.8125 0.30390625 0.02421875 0.03828125
0 0.1703125 0.0046875 0.02890625 0.009375
0 0.2609375 0.00390625 0.021875 0.00703125
0 0.3765625 0.00625 0.040625 0.01171875
0 0.69453125 0.0046875 0.01953125 0.009375
0 0.8140625 0.015625 0.0265625 0.03125