0 0.78125 0.36875 0.08671875 0.09375
0 0.9515625 0.334375 0.0671875 0.08203125
1 0.69609375 0.3734375 0.040625 0.05078125
1 0.64453125 0.38828125 0.0578125 0.07421875
0 0.57109375 0.3578125 0.05546875 0.071875
0 0.4578125 0.35 0.06953125 0.09375
1 0.4 0.3640625 0.05546875 0.06953125
1 0.33203125 0.36875 0.0625 0.0796875
1 0.2546875 0.38125 0.053125 0.06953125
1 0.21640625 0.3765625 0.03359375 0.0453125
1 0.0765625 0.3765625 0.071875 0.09375
1 0.02421875 0.384375 0.03828125 0.08203125
0 0.95078125 0.02265625 0.06953125 0.0453125
0 0.571875 0.00859375 0.0578125 0.0171875
0 0.459375 0.01796875 0.071875 0.0359375