0 0.2796875 0.36875 0.06484375 0.08203125
0 0.83046875 0.3203125 0.05546875 0.09609375
0 0.67578125 0.31484375 0.10078125 0.11796875
1 0.4671875 0.30703125 0.07421875 0.10390625
0 0.796875 0.32265625 0.0359375 0.08203125
0 0.56015625 0.36484375 0.03828125 0.05078125
0 0.2796875 0.09375 0.06484375 0.08203125
0 0.83046875 0.1421875 0.05546875 0.09609375
0 0.67578125 0.15078125 0.10078125 0.11796875
1 0.4671875 0.1578125 0.07421875 0.10390625
0 0.796875 0.13984375 0.0359375 0.08203125
0 0.56015625 0.1 0.03828125 0.05078125