1 0.11796875 0.4046875 0.03828125 0.053125
1 0.25625 0.38515625 0.0453125 0.0578125
1 0.07109375 0.4171875 0.0359375 0.03828125
1 0.15859375 0.384375 0.03828125 0.05546875
1 0.32421875 0.37734375 0.02890625 0.0359375
1 0.35234375 0.39296875 0.0453125 0.0484375
1 0.421875 0.39140625 0.0453125 0.05546875
1 0.53125 0.39765625 0.03828125 0.0484375
1 0.5625 0.38203125 0.03359375 0.05078125
1 0.59765625 0.39609375 0.0453125 0.05078125
1 0.7453125 0.39375 0.03359375 0.04609375
1 0.72734375 0.3734375 0.0265625 0.0484375
1 0.87890625 0.3796875 0.0359375 0.04609375
1 0.9828125 0.37109375 0.02421875 0.0625