0 0.2484375 0.2578125 0.06953125 0.08671875
0 0.8578125 0.29375 0.08671875 0.09140625
0 0.59609375 0.28828125 0.08203125 0.0890625
0 0.4546875 0.36953125 0.09609375 0.0984375
0 0.34375 0.3 0.09609375 0.11796875
0 0.1734375 0.26640625 0.071875 0.06484375
0 0.35546875 0.43046875 0.0578125 0.06953125
0 0.2484375 0.0796875 0.06953125 0.08671875
0 0.859375 0.04609375 0.0890625 0.09140625
0 0.59609375 0.0515625 0.08203125 0.0890625
0 0.45546875 0.009375 0.0984375 0.01875
0 0.3453125 0.04921875 0.0984375 0.0984375
0 0.1734375 0.0734375 0.071875 0.06484375