0 0.821875 0.30859375 0.1734375 0.1734375
0 0.265625 0.36171875 0.146875 0.1640625
0 0.39296875 0.39765625 0.11328125 0.13046875
0 0.69609375 0.31484375 0.11796875 0.1421875
0 0.90859375 0.32734375 0.0578125 0.07265625
0 0.296875 0.30234375 0.11796875 0.10390625
0 0.0375 0.3359375 0.06953125 0.22890625
0 0.821875 0.13046875 0.1734375 0.1734375
0 0.26796875 0.08046875 0.1484375 0.1609375
0 0.3953125 0.05390625 0.115625 0.1078125
0 0.69609375 0.1265625 0.11796875 0.1421875
0 0.90859375 0.1109375 0.0578125 0.07265625
0 0.296875 0.13828125 0.11796875 0.10390625
0 0.0390625 0.109375 0.071875 0.21875