1 0.265625 0.33984375 0.06484375 0.06953125
1 0.67421875 0.3453125 0.0453125 0.05546875
1 0.1359375 0.3734375 0.0359375 0.06015625
1 0.17578125 0.384375 0.03359375 0.0484375
1 0.09609375 0.37890625 0.03359375 0.05078125
1 0.3296875 0.3765625 0.03359375 0.0453125
1 0.41015625 0.3703125 0.0359375 0.053125
1 0.43984375 0.37890625 0.03359375 0.05078125
1 0.5515625 0.3578125 0.0453125 0.0578125
1 0.6078125 0.34609375 0.03828125 0.0578125
1 0.80859375 0.32578125 0.05078125 0.06015625
1 0.21171875 0.3953125 0.02890625 0.0359375